19
33
40
72
111
115
174
183
185
195
210
213
229
269
273
288
311
321
340
354
368
377
410
416
436
443
446
447
480
493
499
525
533
543
574
600
624
652
656
670
700
742
781
794
835
865
876
878
908
1005
1014
1026
1103
1104
1134
1134
1148
1159
1238
1248
1259
1285
1326
1350
1376
1376
1380
1397
1405
1433
1437
1469
1498
1545
1554
1568
1574
1590
1609
1617
1627
1648
1652
1656
1670
1672
1674
1688
1726
1816
1829
1838
1866
1883
1883
1892
1915
1917
1925
1928
1946
1960
1962
1986
1987
1991
2002
2019
2075
2076
2086
2117
2144
2145
2149
2163
2189
2195
2216
2221
2233
2257
2275
2281
2296
2299
2308
2308
2314
2325
2341
2395
2411
2421
2424
2428
2451
2458
2466
2469
2480
2492
2501
2510
2549
2551
2626
2631
2650
2679
2682
2695
2696
2718
2725
2729
2790
2808
2878
2885
2925
2928
2938
2974
2982
3007
3016
3024
3028
3043
3057
3068
3085
3104
3133
3139
3187
3220
3222
3254
3269
3286
3307
3320
3327
3332
3353
3380
3387
3417
3480
3480
3541
3553
3569
3612
3621
3661
3698
3699
3739
3747
3777
3778
3792
3805
3818
3823
3841
3931
3931
3947
4025
4040
4051
4102
4125
4148
4157
4192
4201
4223
4234
4236
4256
4275
4275
4279
4298
4311
4314
4329
4341
4375
4380
4387
4413
4417
4418
4434
4452
4454
4476
4493
4516
4529
4551
4598
4602
4603
4639
4653
4664
4669
4710
4734
4741
4763
4786
4828
4835
4849
4850
4869
4876
4903
4933
4934
4956
4999
5051
5062
5068
5075
5088
5100
5123
5126
5143
5232
5255
5269
5293
5295
5303
5313
5334
5349
5355
5400
5407
5421
5483
5523
5530
5564
5572
5573
5575
5607
5613
5640
5678
5734
5739
5749
5751
5765
5788
5788
5806
5826
5902
5934
5974
5974
5978
5983
6023
6025
6038
6077
6117
6153
6154
6171
6224
6230
6237
6262
6278
6299
6323
6337
6343
6382
6399
6427
6432
6433
6435
6435
6436
6481
6484
6503
6504
6509
6516
6517
6540
6587
6590
6673
6681
6682
6689
6694
6766
6777
6779
6836
6912
6920
6946
6947
6951
7007
7011
7048
7098
7116
7118
7130
7160
7163
7163
7183
7185
7195
7196
7200
7242
7289
7303
7319
7327
7384
7392
7407
7437
7547
7580
7628
7680
7682
7694
7752
7760
7763
7773
7773
7784
7814
7833
7853
7894
7962
7979
8024
8031
8092
8095
8103
8115
8135
8158
8176
8210
8212
8217
8232
8243
8246
8270
8273
8275
8288
8308
8348
8358
8428
8455
8472
8500
8509
8546
8551
8568
8586
8591
8613
8628
8633
8654
8657
8669
8681
8756
8788
8825
8828
8836
8879
8894
8923
8925
8943
8950
8958
8989
9014
9079
9119
9185
9185
9202
9271
9298
9303
9310
9359
9388
9408
9424
9451
9456
9486
9504
9508
9540
9610
9641
9643
9646
9700
9705
9707
9733
9776
9785
9792
9821
9841
9889
9930
9940
9964
9966
9969
