6251
2309
391
5663
6209
2222
2317
129
6382
1911
463
3913
7973
7606
4083
141
1506
2714
4411
1583
7755
814
1697
7684
9286
50
7432
7955
4139
7420
9360
7820
7707
5994
9051
8748
6033
8667
686
622
3815
383
1914
8019
2493
6909
7739
5126
7398
6388
6608
3097
4723
7459
1180
1844
1300
4636
6508
5744
6859
2854
1339
4910
8836
6531
6322
5277
627
2274
6548
3852
6140
406
1737
6860
2616
5686
1337
2858
5622
1334
5708
1116
3297
7621
1264
2442
9281
6104
8442
607
5252
1656
9296
2431
4190
2296
1878
2107
9759
1306
3303
8435
5700
3138
183
5740
0
4394
2327
8114
45
1384
5641
2047
7981
5981
1636
8605
6806
7455
730
8249
397
7081
584
4824
2482
2577
3901
9662
2669
1323
1391
1244
4535
3420
9227
6298
2381
4626
5195
3926
4224
4050
5453
4171
9360
7281
721
486
4378
5367
3219
9013
8383
753
1290
6481
3815
1414
2304
4077
2982
6253
5524
2943
8846
2541
2124
351
9733
804
398
9885
8649
7132
9313
408
3025
1867
5679
6492
9429
1274
3646
652
1377
4360
6240
3889
6294
2063
8279
6129
9329
2856
8077
2451
4528
1003
5555
4354
8114
4650
7128
1072
2431
9342
3741
9389
3416
145
7942
1592
3552
4750
2099
3861
2091
726
1760
9024
6645
8693
906
1233
887
724
1235
5249
7174
8528
5784
9403
2428
9018
3313
6358
5450
3072
5912
3315
2750
3661
7678
3474
8034
2893
6554
5673
6549
7203
7379
4887
1295
222
2688
3910
8447
2281
382
2304
3766
6818
6963
6772
9817
1294
1152
2872
6211
1003
9820
97
3786
8485
8254
6385
1091
6477
1803
528
1320
9511
2433
5502
3593
2019
7411
9928
2273
5551
7942
5609
986
8491
8363
2371
6275
5533
1583
4302
145
6725
111
3984
900
6291
79
8365
636
1032
8829
5809
9051
6203
9458
5916
6589
1437
2281
3086
9781
1391
9539
947
2441
8146
8842
1216
5569
4782
5972
9823
5148
3048
3786
7703
709
9886
2298
7408
8740
229
2665
5237
7399
5893
9725
4970
7490
9506
6859
1200
5092
7951
2300
5127
4204
2366
7910
4036
7548
3227
1032
9635
509
1994
2965
7551
5907
1070
20
6367
4403
2492
8999
5475
2866
2798
1548
6992
432
3708
5825
119
3941
7288
2091
445
8202
4185
7432
663
2603
651
1139
7732
5211
2037
2120
5535
2505
1083
9864
5285
3554
8228
8639
7828
5270
9503
3669
2869
2015
9042
8978
6939
2608
5987
6278
8524
4363
314
1623
1104
4438
1366
2172
6359
5166
3631
6378
0
7052
2925
7181
9064
4583
5991
4745
8239
6667
5886
1873
1745
7464
8651
8472
5091
686
1766
966
6477
6776
9449
2589
7
4534
3588
7053
4327
8751
6450
7684
5002
6646
7964
1594
9792
4509
4620
5597
7293
3495
4661
5144
1021
7235
433
1577
8184
5542
6875
3763
9671
919
2270
7553
9430
3217
2829
9132
3162
197
1077
8638
3700
1694
400
8696
1654
2809
1099
1826
2982
7204
4138
9505
1889
5942
1499
3454
4466
624
4696
1012
2803
7507
369
6090
530
8593
7433
6034
3720
1736
2848
6960
9431
1453
4497
2815
1554
8661
9932
4721
3473
9786
999
4182
9332
2363
5409
1615
6824
2693
1447
7795
6056
8641
90
2897
7414
9310
1345
4119
9578
4225
9083
7186
4634
4649
5655
9783
2955
9864
3768
5154
3270
2079
6451
2669
6591
4969
9403
5923
8322
3516
639
5158
7871
8891
4226
7790
8824
95
4107
1250
8103
3750
2478
44
230
4396
3803
4168
345
2218
5541
1885
2591
5469
70
4431
2393
1929
5473
6900
1129
6477
4152
3958
6015
4216
4783
2936
8144
1756
5328
4029
3225
7794
1553
309
7938
8814
3
9273
934
148
3564
3257
753
6347
1496
436
7563
2802
4827
4648
357
9968
6698
5483
977
272
218
3929
3399
4573
7449
5022
1589
3530
4668
6182
7959
6565
2616
2675
6791
7773
9206
8272
7255
2722
1505
3156
5644
2380
2353
7160
5757
5694
8589
5292
9805
5180
5436
7639
5557
443
8508
1070
9174
5064
6007
2679
6828
7931
8371
7918
7175
6141
6441
8280
3463
7609
8169
1030
1205
4079
2155
2012
8954
4206
4665
4915
5034
5683
91
7131
1921
7341
9379
517
1905
3427
5130
5472
6794
5432
4058
4514
668
8765
2303
9754
921
2872
2392
1235
5374
3780
321
204
8979
1065
6438
150
8529
8221
289
5053
2740
2715
3764
2139
5041
6579
9118
2585
6441
434
9303
1783
6878
7780
1966
1518
8582
8151
7910
756
4766
4290
9388
6783
2273
2374
7180
5534
2105
8931
3044
9173
133
5630
969
7287
4860
6641
5961
4393
7296
9315
2097
9476
8134
7786
5360
7515
1734
3631
6827
1470
9790
5345
8338
223
2684
5853
1299
1571
6907
876
8430
9610
861
5693
361
2211
5898
964
8404
1929
2760
67
496
1619
6092
312
8859
2347
1376
5575
4079
7836
1877
8074
8141
1346
3163
1462
3267
269
2334
1280
9125
7142
7395
3056
6907
8501
948
8292
104
5809
6408
5688
2619
970
3431
1045
2521
7428
380
791
1898
7509
7948
1604
3443
561
5142
8010
389
5139
8811
9832
8099
2127
5776
1183
8409
5414
2130
1530
5003
4537
921
5260
4956
9026
5552
5369
1153
4831
9028
2168
885
4112
4250
919
3646
1700
854
2080
2799
1198
7786
4843
9231
46
4988
6851
8266
6477
1515
8813
2423
8969
9155
5638
9594
6018
9950
5597
8779
3444
9470
4833
7238
1078
2520
9004
1828
8178
1011
6336
9002
6663
1730
2625
1153
4267
8654
4611
9942
3956
504
2437
1971
2313
1373
2527
3149
6452
4074
968
335
8347
6802
8299
1687
5039
1054
7466
287
5765
2660
1219
7567
1251
4140
5346
3409
509
5039
5096
9733
1617
1520
6091
8630
1200
2479
6638
6141
798
7468
418
5509
8667
7993
4316
1630
4131
8099
377
3302
883
8562
6016
9893
1725
6767
3175
3063
9614
9814
2249
2303
4734
9708
8694
7674
6311
2018
4763
3618
8265
9627
4275
3205
4190
4650
3486
3461
2458
4000
3202
8833
6773
7813
2255
211
5276
7924
4903
8091
7540
6060
7790
2380
9009
2307
558
8054
8982
6942
4238
8996
2333
6607
5332
6007
7050
5790
4184
243
8395
4588
6636
1287
2867
2452
5849
8355
3367
1410
1787
5685
2600
5960
9519
4757
2722
6510
4459
5170
8437
8842
1248
8524
2450
8257
540
8483
4504
5069
8099
6799
9055
9488
2767
5362
2644
3623
4949
6988
3431
2050
2009
7789
994
7411
5781
8128
1819
8837
7334
6406
7947
6719
1448
1280
6800
7145
6548
8881
8928
9086
2998
1859
286
6579
611
8361
7474
8183
1019
1606
9940
3995
5147
28
1274
7412
5463
2950
9283
1295
3046
5594
6978
1444
2110
9177
7838
7934
4162
2970
7817
8010
4425
8678
6672
4766
1649
644
3843
9324
7139
536
566
1350
6009
1704
9879
372
3533
816
4065
2453
2388
5782
4576
9602
3819
9728
1221
2473
3888
4660
1020
7720
8469
8880
7069
6744
8752
7948
8896
413
3094
476
1717
4779
794
2410
2834
875
5504
612
2158
6366
5847
6466
2142
1345
2166
507
9645
7473
3158
2616
9042
8737
64
9689
3533
698
4489
3527
1057
2227
5819
5417
6840
5969
2630
7115
6819
9840
4663
2364
7218
883
5303
1894
6196
2536
1591
4692
1774
2367
3562
4719
9201
3453
1925
2857
2391
4140
8354
9854
7710
7413
7259
2183
2585
7633
9877
1073
8098
1132
5914
3390
2709
4875
636
4459
6681
8144
1543
1057
2240
7611
9158
2527
6706
1667
7305
4040
8708
7301
6773
7545
286
1564
7133
8735
7102
7970
9520
7686
8055
6022
6402
6612
8062
8239
4815
6839
4823
3312
317
5676
5482
4684
8162
6818
1884
3355
5542
6190
6284
4206
3098
7505
8107
3840
9545
7559
7279
4509
8237
7873
5962
423
2118
7781
1446
6358
1575
7091
8036
7824
6753
2988
3606
1627
2948
3119
2953
7598
6515
7860
7655
2670
375
1548
1147
4648
8071
9512
4278
265
9639
3465
6210
9350
9598
8248
2534
3946
508
3560
553
8874
236
265
5754
1967
8358
5102
4943
3652
648
7664
9628
8766
5814
708
3431
7964
5136
8282
2458
9279
4259
8280
2776
3532
5923
6663
6964
1200
6439
8269
4494
5524
6229
378
9807
3025
3391
6726
6311
8180
7214
2587
2213
9589
6319
767
5175
709
6475
3158
7682
9383
2331
8117
292
2801
1483
2809
7416
4882
8351
9689
7099
7014
2436
729
2380
7608
9512
7329
5097
9719
4956
2446
9688
492
2952
8423
642
1675
5600
722
87
9432
1014
6920
206
7164
7217
6534
9772
1704
2156
5510
727
7225
3713
5389
1595
5085
4040
6534
4461
4213
9770
4351
7838
6155
3707
9587
1986
9829
2104
5928
3009
3771
1629
8921
158
1270
138
518
8646
3241
695
2635
91
1909
1621
7422
1538
5847
2295
7645
2682
5013
7025
6552
2879
1209
1808
4922
4781
6012
6122
6558
6824
6071
2423
9264
9067
4406
7808
273
5695
1022
3735
2719
5023
2529
4871
6565
571
8543
3757
7646
393
111
3704
4592
3602
2382
3565
6006
5884
8472
1102
3230
2339
2725
4108
5077
2046
3269
8330
9680
8544
3135
3508
28
3243
6885
1648
7080
252
2845
4835
1041
1651
2140
1799
5150
9233
6356
6060
9166
2807
96
5501
9391
172
6684
8788
7168
3791
9194
353
7145
8014
5923
870
7417
4823
2955
6214
1600
9181
2216
3328
478
1790
3908
2151
9436
7730
9136
4996
1642
3717
6716
2158
1320
1369
9157
8264
1097
4118
8158
1371
2213
7508
9522
6374
7582
2187
3353
1684
53
1928
8377
5037
1662
2338
94
607
9793
6862
2221
8542
8194
832
7733
8921
899
1251
2376
1263
6105
5195
9081
6658
7260
8088
2325
5803
3507
5646
8103
6175
6272
1795
1303
7152
135
7177
19
1863
3093
2061
3665
9024
4494
4254
8259
6950
2839
6642
2364
3442
3414
9845
7218
2030
4727
5092
3748
798
1856
633
1870
8353
5847
6360
299
1028
7266
7001
3178
1159
112
5798
7012
5701
966
7512
8045
5182
7452
333
633
151
7929
7710
769
6613
2652
8126
6998
5462
1277
4932
3957
8497
5508
6397
7388
7710
9800
5931
6476
8744
6154
9283
2367
4754
6178
5414
8716
4168
9578
6622
5256
904
9307
1852
2575
5617
9141
9999
3540
827
4099
1447
3845
6359
4813
6954
1155
712
1999
439
5920
6481
7659
2458
2554
2065
1755
6192
2071
2237
729
8539
2561
4909
882
2152
7348
2026
664
5022
5861
7621
4632
970
5654
6076
3388
1817
5671
4937
9041
2117
7695
6779
8363
1236
6956
441
4695
429
1783
2724
1409
7853
2667
2764
5208
6377
2743
4902
3759
9013
7474
7965
869
1108
5375
6791
3687
737
1570
2217
853
4909
5393
9821
4834
1337
8750
9618
9519
1063
8932
3349
1563
604
8415
7535
6820
185
2753
8319
561
6522
5683
6442
8323
5662
9177
960
9304
3273
4969
1312
3810
7878
4477
1871
4776
6145
3831
725
1660
1684
4773
6840
125
1568
1973
1981
1165
8814
7082
5196
6038
8070
3279
1796
3416
2480
7867
7119
8358
6650
8550
3447
738
5210
588
6969
3190
6084
7424
2889
1300
5469
2434
9238
7168
5952
3764
7487
8445
5393
4537
1766
5221
1217
2382
2468
1790
66
6894
6045
4569
5132
3249
4006
6444
8975
8469
8004
7906
313
240
3862
2305
714
9684
9894
5597
1542
5236
668
8075
5402
4102
9268
4280
3955
2298
1057
8299
9276
9114
2897
25
1719
1025
2531
9416
830
8577
5639
5125
6729
4016
1093
3290
3602
4467
5936
8378
6552
1630
2300
3151
2209
2170
7790
3910
6852
9960
7091
7017
8854
4790
612
4110
5378
2095
1032
126
318
471
1082
8344
4732
7048
8957
3782
9903
3830
6109
6849
6239
906
88
5985
8766
1469
5196
5943
5371
2259
2563
1231
7127
6058
7133
4576
6583
467
140
5494
2105
1120
4390
6657
6922
351
8758
5295
3271
534
1396
9640
9058
7583
8662
3641
5912
438
2663
9507
4785
7105
856
676
312
5231
2020
6471
76
1172
1256
4424
3205
4900
626
7530
5707
1501
4265
1324
5251
6443
1629
6521
4971
2742
9585
1327
2377
2158
214
9331
9102
1738
5050
7074
9745
9261
5377
5979
3802
3034
1634
2268
8523
8058
8166
5722
3926
9100
7868
3509
4203
8060
4417
4554
8208
4646
1342
1771
9239
1580
7346
5741
5530
583
7921
3056
1882
6971
7853
9348
9976
366
8229
8058
9779
7019
4235
1593
1460
1
1658
3778
1910
2065
679
3637
6203
6424
4887
1381
4394
1065
5170
1898
1085
5696
870
8774
2762
130
7871
123
6784
8504
7686
8346
4885
5614
1064
1102
1389
2087
2952
4971
6974
2547
7415
4801
7890
1156
9795
5782
4700
381
2574
1026
446
6316
3296
8060
6315
2377
2703
5750
6680
6575
815
596
8569
6780
4197
7507
3833
4260
2160
1912
5881
2698
9402
3606
3709
1249
874
2580
1060
3935
7294
1950
8103
8243
5992
1194
7123
1993
2934
974
5322
4732
887
1489
678
3628
5258
2431
9344
1984
457
8641
3008
8653
1958
3980
5606
4599
1557
7528
2265
3543
9307
6324
4510
1071
3909
441
3819
4666
1387
6140
2636
4151
2566
5223
1717
6679
880
3098
5513
676
7643
110
2315
8421
9254
2683
8724
2895
507
9435
2228
5663
204
1406
8860
7109
9999
4511
8459
6259
5271
4422
55
7031
7445
1376
9006
1092
2078
4028
8670
616
3215
8791
5650
4649
3231
6539
5246
8849
548
2483
9981
1388
3817
50
9080
5232
302
4101
2682
1741
6800
9062
2210
1060
2347
4274
521
6668
6573
8109
1109
6499
3596
837
7212
2930
9147
3508
557
660
8665
1146
6908
1993
5595
6874
140
8102
8859
3587
3250
3487
1504
1667
775
487
9952
7463
3822
615
3699
5526
6631
653
2139
4382
9091
5191
33
6078
1545
8625
4305
5271
2280
620
1528
5933
4670
3871
1101
2098
4809
4049
5454
6676
3388
3352
8173
934
7124
2012
8875
365
539
2592
1890
1244
5725
6306
537
5106
9369
224
1076
2225
4955
7821
2619
275
5111
1716
4924
6904
4360
621
803
8595
6426
414
9081
6662
5460
2884
6986
8475
9643
3922
59
2453
3907
5784
7548
4278
1159
5032
2283
8594
7211
1557
8713
6851
2639
7373
2385
2799
1255
2265
246
295
5001
8994
4444
305
54
9894
7306
9608
1181
8971
3550
3795
3853
7779
9569
115
9
8113
2621
1873
8145
1659
204
2679
8862
9297
6931
1021
5502
5453
7023
1944
8497
7435
190
9502
3410
6043
1346
5277
4970
5860
657
1964
9826
3851
7344
1970
8824
5556
9250
4310
4741
8137
795
4838
5196
5273
10
6492
6692
4066
454
2078
5033
9570
9176
5573
1456
5578
5002
3664
8490
3732
7678
2874
3980
7431
466
7561
8172
7241
3490
4601
6334
2868
4735
6008
1792
5804
1695
1651
2306
2160
7636
2065
5931
5790
3953
1822
5240
3548
875
7483
3493
5525
6764
7188
1889
2128
9070
9138
8429
4071
1894
658
150
678
6815
7237
2003
723
7289
9850
9408
126
1744
6105
2317
7512
6770
3537
2625
3481
8716
2277
8771
9660
2532
6482
7642
8958
6604
84
3171
2439
4101
9609
8531
2727
675
4102
3453
2581
720
3656
8486
1300
3731
8462
8520
4408
8498
9686
7668
8008
517
4725
8011
8355
9293
7083
7055
807
7061
3846
7477
5296
7752
2262
3406
3119
2195
3313
5270
491
8380
7623
4076
892
628
1769
7604
7173
2473
5685
8473
7169
4350
6037
247
4850
2751
9001
7223
5206
7744
6706
7932
3851
4646
1409
4591
597
1640
1647
9782
4589
822
2750
4138
7051
7243
1488
4136
7528
1727
1703
3800
5645
8832
8556
9405
3409
1075
1459
5900
2625
6501
543
9856
336
3511
1826
9789
8545
5977
8712
6356
3266
8293
3717
8983
4268
0
3148
6958
984
3453
8818
4760
5524
8659
1922
1989
9318
6591
2897
5956
2641
1725
69
4537
774
3
6434
3522
7756
2094
6949
329
5939
738
5493
1276
9973
4796
7878
8108
1310
9002
2863
7587
6302
3533
1375
7705
6124
5789
972
5384
5005
3422
2828
303
9445
9475
1207
3732
894
816
7164
5774
3047
6724
1188
1569
3470
9142
2404
1131
529
4958
8887
3631
2113
2008
7755
2224
3929
389
2554
1760
1342
1075
1964
8681
1655
8670
4731
7948
3566
2886
7463
1032
8823
51
3131
9998
4240
8326
752
1075
9994
6530
2848
2133
8968
411
1966
1025
8325
6270
964
6084
3451
3009
5149
2704
961
6796
5876
8818
3253
8520
1548
4882
5754
5911
5634
4587
867
949
8080
1723
3777
1389
5460
9149
5817
3919
3280
2789
8698
704
5970
3403
5005
3634
9495
9677
254
7222
9964
4110
9306
4015
1493
5907
121
4729
2226
4015
7646
8922
6846
5597
9741
1367
6649
1390
3484
2714
8265
4932
2685
3427
2093
2191
2619
9597
8338
7333
5139
5779
3225
6711
6790
8978
3897
8658
924
5552
2881
1011
7978
4701
5105
3951
9542
7993
7257
690
203
7526
9089
6374
1721
1104
7531
502
9246
6394
1686
3219
5019
9691
9413
4631
7104
6329
3728
6424
9258
9892
4024
6191
9902
4054
6512
9546
7558
2490
5643
8463
8843
699
3521
7538
8259
94
6934
1513
782
2834
9612
5310
316
3110
3191
996
1825
3997
1553
1229
1707
654
4064
827
1635
3294
4789
6646
258
1938
1079
6782
6919
2351
2159
7586
5782
5381
9700
1824
4994
5500
6714
8621
2478
2653
6743
8519
2705
4292
5238
9369
3112
5973
5088
5775
3265
4813
9255
8251
6837
6953
7588
71
2116
381
5668
1644
3256
9950
8911
6546
2595
4288
4266
4137
3978
6328
3165
3336
7831
9001
3782
340
4873
8145
6703
7011
591
8777
2062
560
277
1240
5644
5106
6765
8762
3081
6345
8977
2640
6862
9753
7864
5175
834
1578
1080
1837
4769
8398
8235
1521
3481
7909
6645
859
3895
2862
213
5900
5426
9583
7354
3735
9398
3782
5064
2015
3493
5361
6730
3059
7832
2331
3562
1912
5052
4936
2767
9350
5851
4547
9591
262
3463
4581
6341
3034
4703
2313
7212
8509
2699
4526
7565
7532
7754
8653
1389
3509
8831
27
1323
3903
9783
3057
1552
8795
3918
4170
4584
4890
7155
7741
4976
2479
3993
1596
8433
4982
2543
6700
5772
1172
4530
8870
6966
2657
6065
1853
4757
8852
6625
8721
1355
5869
9890
5827
8339
8969
34
7978
5866
2481
5873
9061
6577
3204
9861
1698
2880
2247
5583
6943
7484
4538
4397
6527
5404
8829
6129
5103
1592
2498
2
1321
3683
8277
4545
6888
3371
3353
527
9326
1438
7540
1181
1939
2288
782
4228
9135
6202
3462
3975
4617
4117
2566
4149
3984
983
9928
8963
9083
189
9449
9385
8140
8954
5677
2124
378
7967
3411
893
4383
9916
2410
8703
7695
9109
6868
3086
8586
408
794
6015
3652
6542
9761
5698
8163
7297
9531
7567
2984
1789
2480
3568
9298
6073
6783
1915
7247
5320
9456
7764
6357
939
6364
512
0
1449
895
5260
4540
4066
2268
287
5862
8576
3937
3789
7486
4495
5373
1390
2192
3967
5984
1406
8115
4968
1698
726
4640
1565
6807
6764
1655
2403
3904
3430
4879
1124
3909
2404
7453
8463
8370
3519
2648
371
3456
1532
4650
6524
4886
790
4441
12
6592
123
2182
6590
8526
6277
9285
7479
6864
4653
3727
5998
5392
7963
9013
1821
9200
1776
6517
4216
983
7191
530
558
9990
6569
2783
2814
2431
9185
7052
9548
9784
4239
5060
8451
1228
8273
7494
2941
1571
6559
6451
1665
3652
1061
1431
173
6136
694
2428
7428
7216
1999
6683
1337
8521
443
7588
3821
2063
8133
8001
7910
1584
6642
1813
8016
1763
96
6234
776
8953
9370
7980
5911
1202
1662
752
4683
7395
2080
1850
7996
8343
9552
7869
622
1811
9225
9667
6562
6462
5644
7615
2306
8561
285
6241
2077
716
5419
7595
1215
9273
1110
738
7957
1956
684
1783
5728
6203
4453
8486
6840
7027
6208
5966
5426
1467
7357
2194
773
6309
12
8576
9049
594
3718
880
8449
1133
523
6015
827
7179
5403
7581
3590
2290
7193
7843
9395
9095
3629
9241
5903
1164
7545
743
2944
6874
2110
1546
2749
907
2143
4218
2931
876
1094
2538
437
7456
1974
8287
4660
2328
402
1172
2384
2738
540
3981
8109
3152
6560
2523
2618
2811
2817
8784
5006
727
820
2835
7043
2024
8764
4694
5079
3141
1094
3990
7905
2125
2790
1859
1329
455
8161
1841
3867
766
5453
6525
4470
1533
7493
2708
3744
951
6034
97
8084
6266
1959
5445
1998
5589
9211
812
9566
4439
6300
6749
8972
666
6898
6530
7931
2305
5265
2490
9664
6301
9716
5227
1253
2406
3510
3979
1529
1496
2114
7041
6059
44
8527
4728
6983
7225
340
8500
6800
2362
6594
3831
14
6609
8513
1686
5129
236
3899
6456
4119
5128
6489
9423
4803
2787
2826
954
2015
4519
731
4329
219
1923
1892
7539
9622
9484
2687
3269
2899
7812
7454
6988
1200
7641
7229
133
9300
4386
7382
8578
903
3798
6452
3568
2711
237
954
2519
9496
8090
5236
1794
3723
5082
9022
9471
8562
6310
4308
1288
5858
2239
7194
2244
6490
5611
2925
1496
8691
5434
793
7970
9177
7487
3965
7
8906
2859
6236
3531
9292
3372
965
4385
9907
470
1413
4852
3475
6880
8635
5542
8307
3171
6956
6054
8099
2062
9161
6055
3423
7373
7582
9710
9125
8299
5372
6204
1955
4838
5385
350
516
6754
2470
4945
3981
2353
1697
2282
7826
4529
6620
2437
3055
8678
3486
4683
6500
8234
3177
6442
9328
7506
9564
7616
1953
803
7929
9207
3371
5365
2409
3608
3304
4326
5215
8665
1326
1074
8106
3560
567
9522
5663
733
2013
7378
6359
7595
5956
6759
9733
4872
8573
3681
5850
4238
9896
958
9180
1184
9305
2480
6917
4368
3279
799
2184
320
9201
7521
3401
7528
2745
9049
9613
6008
38
1198
5215
2990
4524
2734
4501
9754
3503
9827
1154
9168
8976
9956
2046
4958
2247
1999
6883
735
2625
3350
2809
8111
5036
3127
1476
3456
9825
7232
1532
28
3857
2611
5294
6108
2980
8182
7905
3544
3869
7647
251
5200
3474
4846
9733
5707
5930
5819
4812
6781
4552
8849
202
7054
5367
9867
3525
7657
2134
5119
3701
1378
375
7400
204
2620
1427
3752
1281
6586
4064
2157
6285
3860
8693
675
6362
8189
7660
6379
7113
8082
7753
5563
2227
5589
2443
5797
1874
5179
2721
684
385
9298
2831
7429
8081
5240
8225
859
7949
9880
3119
8917
5232
950
961
3883
5270
5053
4917
6663
4721
1718
7487
4217
7661
8972
7616
9518
6149
7038
3962
4369
6759
9844
2946
9570
5429
5414
7223
9543
5982
8474
7475
2336
5901
8236
7632
7839
1776
9602
5356
5736
4171
7968
7264
6933
30
346
6877
2941
8805
8521
8184
8006
9982
2496
8776
9544
4352
7791
4365
4004
1594
8071
8211
1829
4394
8991
7080
2838
7647
9190
2970
436
369
4154
1620
5526
9311
7976
9163
8522
665
885
7044
353
6432
3549
8552
8078
4250
4059
5546
6443
2987
2264
3816
2893
720
7990
1473
4408
1101
4591
7463
918
2746
3562
8884
4276
4697
2479
2513
2030
2619
9658
453
9868
1700
9957
7915
7516
5660
1873
3223
7683
343
4229
7418
8798
2183
3211
8468
1166
2337
6166
7642
3411
4638
985
2872
6088
4594
2356
2376
7007
8386
800
9348
1934
593
1022
4376
2443
3644
3162
876
8244
296
2262
9552
1666
1688
2436
9512
2495
8003
2163
2491
9157
3908
4415
1191
9097
1092
8466
4375
8616
54
2847
2920
8864
8833
1169
2856
9058
1636
287
239
5575
8692
9778
2627
1393
2201
3882
7079
9171
1194
414
5635
1011
6790
4419
5242
63
8262
6784
8775
7022
7007
4767
6922
7129
6891
7173
5682
5801
1434
5414
4075
6819
2293
5315
1994
8417
2292
37
4662
3362
9760
9407
5338
1302
9579
6463
1912
8210
9391
1173
4944
5707
4229
9799
5361
8433
7223
3700
9823
2729
6600
3911
1702
512
8146
5295
4878
2028
3359
2125
6783
5237
2460
2749
7271
9509
6940
8585
4650
2459
4217
2314
5193
8694
2304
4384
502
3104
3197
7764
6887
4905
4596
2652
7929
4886
4211
2959
374
6522
5172
7338
6218
6355
2807
866
1747
7352
3599
9258
5159
354
1691
7079
6475
8856
1880
2002
1169
1167
165
4270
8657
6241
2952
11
8587
638
7663
7739
3291
2273
2026
2675
2303
2437
7991
4836
9253
7095
7117
1226
632
7437
2749
3620
3149
4071
9205
2101
8905
2341
9928
474
8789
2890
9259
3102
3301
2623
7664
347
7541
203
9352
2801
2629
7202
4421
859
6614
2619
654
5968
357
7878
6471
6280
8680
5533
3360
5633
4583
3275
6268
8752
8349
5387
6709
5003
7182
4322
7053
4918
1675
4543
2648
2188
276
7458
489
257
6366
2811
7435
3702
9109
5540
4993
8989
2243
3282
6255
2285
7330
4775
9418
1064
3038
9276
4093
5835
4671
9982
654
709
4422
70
241
5740
7653
8013
1036
3933
5684
9871
6282
6146
7153
3984
5827
8025
9351
9596
8171
3250
1763
4579
6058
5561
8739
646
3037
6149
2927
2475
9740
6560
1917
407
6059
5401
5424
5068
7348
3446
848
6544
4388
989
1312
928
1237
325
1228
5605
1149
2920
4593
2887
7621
7212
3202
4431
7996
3539
8439
4369
4797
1967
6633
1418
4094
9082
9740
7286
9930
9941
1084
4421
706
2959
4971
3790
2703
2409
2665
2981
6668
2727
2485
1290
3681
3337
8819
578
3490
4331
7647
5161
5530
474
9521
5047
6706
6200
6082
4723
1271
2450
7485
2870
859
9984
8697
4146
5386
8684
9702
6706
2431
2839
8662
1075
1336
1912
8159
5108
2408
3590
9086
1274
8091
7353
7870
6551
6319
4907
8185
7132
7538
5125
1326
9036
4998
1495
7923
499
6428
8680
1949
9542
5584
9391
7374
3229
4129
3265
8430
127
468
2348
4013
6060
617
3619
9143
7265
8190
2091
5274
1192
4114
4469
5748
1678
6109
5662
8033
3817
4958
1507
6419
329
5030
25
1122
125
2051
75
8711
9978
687
5909
243
2568
2154
2017
8213
766
3173
8912
3132
511
8369
4876
1306
1796
8311
2155
970
6460
8249
4166
5843
3985
8040
1115
3436
6605
4312
8447
1027
7853
9985
8312
1081
773
2040
6571
1824
2244
2189
9729
8568
1162
4118
320
3190
2007
3020
6615
9702
3253
3859
1545
6515
7672
7488
3310
4404
1669
6567
5766
2041
257
9811
5103
9158
9275
7753
4729
4127
1901
7295
408
9414
5071
1624
2666
6768
2701
7251
1722
5454
411
7494
884
7675
7397
773
3225
6833
1243
6456
2837
4754
1469
9979
5024
7059
7443
8759
3522
6683
8785
5073
1083
8989
2169
3137
8898
6513
2049
8086
6123
6010
3846
9609
9006
436
9713
1967
3446
92
953
835
5591
645
1849
371
3860
6696
500
3737
7872
5691
6950
7709
5091
7173
6541
4584
1119
9841
9832
972
1668
1873
9166
9875
6160
1622
4483
6902
3595
4573
3350
240
2307
299
2302
6465
3363
1004
1670
7814
5049
4760
2070
5753
40
2104
3669
6645
6555
6039
8076
4190
11
7340
3372
8878
9411
8856
2115
2546
9265
6155
5147
4423
848
4475
4275
6575
6788
5640
7266
8104
7446
2137
2057
9823
2273
5707
1496
912
2012
9036
420
3314
8777
3267
1464
4721
9244
5474
9097
3163
4784
46
5518
7888
8039
3039
2528
4611
3361
5587
4367
5398
5343
711
901
597
6872
937
431
6498
4955
5704
2744
7825
1558
5997
1528
6420
198
2222
6926
1386
5984
1407
2265
3283
9216
1564
7902
1783
6576
1318
8677
2472
1372
778
1444
9893
7651
3464
3968
657
5200
9249
5313
1731
3449
2898
6886
511
232
6177
5945
9909
201
7494
1188
3544
3139
9196
6244
3202
5898
2632
8364
8550
516
41
3229
4054
2699
1056
6373
8166
4914
5826
630
1873
6588
5131
553
8906
6889
2902
4274
7029
7970
1050
3942
9752
919
791
9482
5740
5063
9282
2989
4840
2880
845
5721
560
536
6970
534
7481
6923
6225
4512
8993
773
2112
4170
6573
8370
4291
3346
3875
6868
5844
183
7737
4326
8612
5624
4637
1007
7579
7343
6230
9224
173
7855
4187
2257
5486
4569
6275
865
3111
8853
8364
5613
1512
4607
3856
6923
2416
672
4405
439
6668
8191
7012
9174
8492
4919
3501
7705
4860
4843
9592
7124
2418
4647
847
9392
1907
2456
1434
9805
2091
6095
8091
3916
332
2898
8620
988
1222
1540
8181
963
9337
1479
1842
1936
7511
1998
468
2335
9485
1367
5479
4812
3843
7193
980
4971
2562
6171
6296
3623
7877
1990
1877
2762
1060
7003
5175
8589
365
4551
4825
4992
3459
9414
7401
4204
6316
966
4810
6343
8069
9726
9193
2872
6425
1598
3394
763
4802
9080
6179
2855
5359
64
1793
2430
4438
1809
1514
101
300
1616
9563
2277
4131
2132
3619
2689
8499
310
5863
7146
1021
6885
2487
4239
1243
2813
9729
2808
7004
1481
85
7620
4063
9927
7209
242
541
9132
382
6557
2732
2423
450
6844
241
5626
4103
3689
9526
758
3027
6431
2540
9510
794
2506
1250
799
7226
3114
1335
6134
1765
5928
925
4498
3092
9484
2159
484
8201
5806
2932
5509
1142
1451
4468
1119
4444
6922
7802
1886
4071
1856
9547
1192
4296
8081
2342
7130
419
2424
5452
7189
3115
905
1986
4474
4474
4949
3109
1538
613
9117
1885
7185
5358
363
4981
8459
9452
8925
8073
3815
9593
9811
2753
2451
9627
2028
7822
8392
4981
2987
3571
