992
150
650
303
730
145
950
688
347
120
896
246
133
70
387
650
950
449
863
263
684
756
332
437
738
937
981
580
947
413
763
988
614
139
431
258
691
877
485
69
534
768
405
578
41
872
363
917
703
964
377
297
406
435
260
946
788
496
172
920
894
370
296
351
844
846
194
453
825
561
678
940
482
376
841
865
949
155
919
995
988
674
701
192
538
606
321
764
845
299
231
572
101
436
85
978
883
936
761
465
669
316
361
68
458
185
676
42
401
943
479
877
791
282
914
507
128
852
420
300
341
779
964
606
775
252
10
653
267
384
630
302
15
190
279
38
828
746
518
87
500
420
148
675
269
804
856
540
943
685
982
83
347
71
477
599
149
313
936
48
475
14
359
548
678
928
694
322
368
387
271
174
838
467
244
317
689
336
271
321
848
81
573
294
112
231
240
862
710
347
405
187
860
427
806
451
498
433
784
280
263
748
439
520
568
355
536
922
489
983
199
387
194
873
747
168
987
252
23
445
203
11
178
445
181
998
961
298
340
73
244
320
105
550
358
773
794
357
544
660
517
928
49
474
590
660
271
360
37
508
729
666
931
352
0
87
607
719
114
115
92
73
681
41
357
520
428
853
483
367
469
889
262
436
523
894
435
898
896
109
429
922
326
814
455
115
525
497
945
591
688
892
665
424
921
628
659
234
186
951
324
211
725
250
84
9
926
622
922
275
288
312
204
187
845
913
359
506
931
179
412
925
867
894
996
742
771
386
757
813
462
693
797
177
946
343
518
537
931
907
499
872
862
681
882
81
688
723
18
359
304
221
327
113
507
352
812
339
719
736
105
920
689
741
869
943
211
47
509
148
504
734
869
232
714
584
318
155
318
812
297
969
486
366
723
323
992
4
562
688
5
457
263
532
132
728
836
423
583
668
872
280
983
357
528
292
156
741
9
810
567
643
851
329
996
944
504
804
306
88
789
492
781
444
200
399
654
790
483
384
808
92
832
991
230
464
998
683
252
991
162
453
795
721
129
54
570
705
445
579
33
813
990
848
719
16
523
659
182
798
386
595
613
632
20
809
783
553
588
733
746
527
322
340
499
822
67
992
927
682
267
985
821
891
221
243
867
774
17
151
478
130
376
983
942
880
941
108
705
318
333
698
62
197
208
503
5
922
392
152
469
98
793
668
918
538
329
933
329
974
338
332
437
128
310
100
419
619
43
578
891
960
591
227
376
433
181
287
706
733
856
469
811
995
792
358
405
170
651
798
121
760
549
201
714
641
67
266
420
451
109
682
607
183
210
431
313
555
8
347
594
6
236
39
553
835
903
791
192
10
546
879
708
627
123
70
871
21
88
658
1
630
403
965
180
891
831
351
479
698
866
883
494
158
332
190
743
668
407
781
792
483
703
447
536
425
403
796
995
356
533
451
202
765
759
514
538
28
350
953
163
192
35
408
828
950
199
875
646
124
759
458
550
982
993
934
270
120
910
9
78
469
121
678
975
584
182
729
673
273
222
367
102
947
738
209
318
35
454
277
204
259
520
958
104
704
385
933
255
801
36
960
640
921
828
834
560
167
627
554
177
276
392
417
550
228
72
958
50
880
432
204
346
483
962
799
0
284
335
499
585
212
116
670
801
777
655
111
342
713
612
478
10
187
595
853
677
418
76
264
946
148
566
697
752
786
692
743
77
393
90
80
806
913
822
941
282
834
626
629
455
80
369
836
892
663
56
125
866
791
359
654
525
542
472
187
479
818
31
862
774
902
922
821
373
583
771
652
633
167
556
133
717
170
3
973
448
327
326
840
716
737
240
896
371
199
629
34
869
577
866
306
829
956
361
561
797
559
219
763
471
279
750
366
926
80
26
311
364
309
446
767
813
234
912
71
899
295
469
831
412
952
798
541
113
435
956
68
200
761
293
243
13
713
72
232
332
490
589
52
161
7
248
137
652
912
743
569
895
974
754
25
882
646
67
270
330
187
54
503
757
229
66
139
841
750
872
260
165
895
485
12
192
254
819
110
249
987
972
97
670
115
961
64
201
789
552
350
248
99
252
488
20
123
482
811
836
638
833
513
339
753
681
245
407
154
272
775
532
797
480
668
440
640
133
21
272
323
5
340
467
492
945
578
61
490
124
164
711
897
585
375
981
334
18
889
824
83
742
610
413
332
322
540
949
899
99
663
215
617
123
952
187
727
779
482
400
732
984
877
545
15
89
998
203
31
511
624
58
616
926
330
20
402
195
120
78
517
646
454
366
855
706
602
208
898
427
378
237
831
463
246
713
983
792
391
796
356
281
976
92
835
239
804
929
237
434
56
769
622
652
787
508
877
265
859
627
837
352
833
292
964
601
576
729
298
703
561
306
940
392
483
672
322
658
66
164
117
784
77
31
542
485
212
875
339
881
530
674
346
506
111
662
587
845
482
400
192
317
373
188
769
779
224
445
630
646
611
734
980
629
686
473
876
539
212
450
88
577
735
110
495
171
405
497
115
748
660
134
97
691
690
651
481
554
896
355
583
996
327
861
649
992
236
69
729
995
728
666
21
554
675
600
326
344
834
94
478
573
814
171
485
368
768
581
533
935
202
714
973
452
567
450
531
841
853
92
941
295
866
865
690
580
93
566
917
820
215
502
330
457
265
351
331
917
791
851
805
79
390
898
95
853
610
158
155
713
979
415
552
903
121
912
231
670
45
338
549
181
522
679
840
407
572
578
813
466
872
13
225
253
556
883
750
528
128
319
169
624
598
741
642
75
757
119
204
641
596
306
237
267
429
107
136
144
144
356
609
630
586
139
912
663
573
941
938
60
258
255
109
693
4
373
27
554
127
479
984
20
193
160
271
175
768
176
393
956
932
253
672
586
133
214
804
389
624
248
699
594
63
196
94
449
807
681
490
644
46
502
836
975
524
723
905
561
297
264
445
74
200
973
154
229
714
668
723
152
438
509
41
761
767
896
902
60
926
632
88
138
794
846
376
548
358
651
900
336
242
962
474
907
988
749
710
16
384
687
78
616
53
26
707
754
59
554
123
869
58
26
613
156
44
149
340
953
6
895
520
669
218
310
785
198
417
947
502
426
663
901
701
12
591
472
483
21
250
50
6
92
978
262
57
537
627
805
120
46
92
545
997
287
538
796
802
404
918
233
192
196
536
160
7
821
180
816
47
265
652
248
919
354
6
806
219
682
375
116
923
92
320
984
66
175
209
659
301
548
699
869
413
854
842
991
534
90
794
392
192
983
201
460
581
151
6
953
101
710
209
372
847
459
403
964
201
573
631
821
713
135
49
953
532
951
653
905
936
44
187
66
838
462
530
750
66
690
923
368
437
70
584
540
106
226
364
301
376
512
900
185
288
773
799
947
423
296
970
400
454
314
655
604
480
711
966
326
100
516
244
777
4
233
276
340
269
577
844
412
72
816
809
568
928
477
93
613
229
720
952
883
520
405
108
840
584
833
998
916
996
348
2
741
778
160
830
940
560
874
185
775
201
30
77
536
890
904
852
310
525
80
687
514
613
533
932
437
580
885
41
928
186
547
540
420
470
835
412
956
250
347
886
471
482
26
817
642
549
885
843
229
696
791
727
901
871
713
126
123
405
250
207
986
757
881
514
39
66
801
889
988
572
636
912
181
373
931
371
582
635
125
610
396
558
990
249
332
780
209
467
994
267
33
768
931
847
757
124
188
284
859
818
548
39
558
617
647
760
362
709
805
762
735
777
202
198
372
660
615
181
855
810
978
573
434
461
817
782
991
883
524
813
64
689
436
585
264
592
214
108
262
799
741
668
468
977
335
442
122
529
471
570
424
787
67
5
604
413
150
939
273
846
536
381
265
613
828
730
387
509
59
313
832
463
968
439
251
689
83
616
752
582
370
27
335
342
853
977
488
448
880
886
232
149
311
148
101
238
188
884
127
585
189
774
760
759
580
283
349
938
567
785
261
13
929
519
642
732
528
874
357
551
713
239
375
705
768
313
165
533
893
806
627
883
675
397
61
135
123
530
506
290
273
749
906
174
820
600
577
524
116
584
436
937
799
502
844
968
661
278
912
697
301
375
440
707
495
588
240
501
588
626
801
396
218
44
502
344
324
244
709
63
169
35
740
214
204
834
423
13
341
249
519
626
454
360
989
209
384
956
824
931
414
141
259
909
554
478
122
499
775
244
86
539
680
818
78
382
511
212
841
149
224
99
186
609
142
113
107
86
446
381
901
192
795
993
239
103
498
58
93
775
655
512
323
387
631
566
282
210
520
500
929
538
557
508
904
397
607
641
266
577
385
247
281
445
602
223
582
489
96
833
72
236
195
383
749
420
143
647
439
90
175
914
465
347
958
587
690
134
767
770
345
3
737
905
330
81
923
758
463
427
230
283
435
411
538
243
331
464
169
165
430
572
940
93
790
593
106
490
815
429
296
746
632
459
334
213
672
884
62
112
467
590
914
696
349
220
350
362
374
886
724
728
622
442
727
959
498
603
282
103
576
49
545
634
288
353
144
993
956
567
539
219
354
657
926
791
6
277
974
669
661
902
191
912
944
875
896
854
749
945
828
283
829
458
618
922
881
405
199
110
390
304
90
296
523
156
176
330
624
896
202
140
81
968
252
564
347
511
791
243
647
571
689
390
149
513
531
146
154
416
595
628
901
433
363
519
246
159
410
807
440
12
578
174
930
925
186
733
40
383
436
174
935
442
873
287
904
300
52
498
956
425
332
882
210
682
526
112
204
283
435
919
721
794
558
525
911
621
409
275
486
218
607
351
997
61
293
808
23
70
629
57
78
89
403
410
828
778
428
187
253
456
659
402
985
569
582
295
600
446
96
710
479
441
225
293
626
780
851
55
922
460
926
488
417
838
238
786
756
841
899
511
889
148
90
192
312
129
74
709
750
106
793
366
528
866
496
945
486
728
356
101
272
344
591
575
45
650
495
555
321
919
221
901
710
913
32
32
503
122
138
647
985
920
411
770
939
775
310
836
416
344
913
290
306
753
952
990
673
581
268
997
572
989
352
597
31
78
157
332
454
197
94
37
873
913
622
956
808
376
233
611
665
612
761
398
511
647
90
989
421
997
415
663
348
954
774
655
498
51
737
538
12
393
479
998
317
723
771
226
718
267
587
809
352
597
899
8
168
915
227
715
51
276
159
307
515
182
645
323
240
17
572
835
354
446
275
468
165
304
728
84
814
282
138
781
6
138
1
674
813
372
876
201
960
409
323
951
726
434
343
896
184
7
366
374
375
21
452
501
674
616
966
540
496
645
872
302
562
155
498
914
237
530
462
295
959
629
29
124
127
164
923
791
738
294
120
349
300
709
192
810
436
466
789
873
187
274
452
501
61
345
726
521
792
830
391
501
262
783
532
786
654
991
192
849
648
532
664
382
608
262
593
923
754
206
870
26
567
19
62
858
23
482
781
791
88
335
753
443
725
727
384
473
266
224
176
723
367
851
432
906
268
897
501
255
804
732
407
288
877
655
798
973
535
889
662
219
754
877
387
96
77
629
969
384
716
873
810
960
458
763
454
17
808
989
982
880
404
485
506
379
845
887
972
566
397
427
668
342
449
913
44
790
758
506
807
529
244
105
550
455
887
18
60
387
779
74
547
148
544
752
797
755
758
578
112
476
747
810
692
129
851
594
998
739
775
381
946
346
113
249
764
991
262
450
712
120
989
689
156
140
88
829
282
911
625
824
498
432
663
989
231
586
664
0
200
48
616
591
802
316
147
863
804
705
368
971
172
823
40
457
752
448
309
92
24
777
549
113
554
978
633
532
845
458
617
371
50
637
339
783
623
887
427
134
239
85
93
499
799
378
785
2
961
87
119
462
686
551
355
862
688
82
482
16
926
224
462
412
164
81
477
917
722
10
289
707
83
43
36
804
785
863
107
340
390
195
373
939
534
706
891
414
60
528
513
96
235
102
206
986
142
541
137
497
545
607
860
392
801
306
134
661
921
630
676
184
632
258
495
297
663
146
796
577
975
755
599
973
58
810
417
886
32
602
901
340
70
636
293
460
378
724
266
695
65
769
420
405
957
117
622
858
697
46
734
552
255
557
92
157
589
37
385
599
98
662
921
805
639
258
228
575
940
263
417
73
440
103
60
340
318
268
530
21
932
856
626
466
637
76
911
706
82
511
491
773
284
9
62
564
198
369
400
98
600
548
515
739
566
191
804
483
955
791
99
499
192
222
952
911
610
881
921
756
323
392
842
752
287
517
292
834
217
905
497
548
687
19
591
717
332
866
419
492
252
885
919
546
901
529
911
640
341
819
393
217
534
879
796
41
481
249
522
910
842
233
536
677
744
772
621
112
920
160
161
255
578
408
689
197
852
201
264
332
981
164
472
83
933
374
809
839
996
548
769
632
208
530
253
862
762
718
222
267
419
377
616
514
283
262
279
329
363
94
795
595
900
74
709
353
871
83
58
274
870
183
456
384
354
404
943
406
719
194
346
143
677
556
86
15
169
544
434
368
123
871
311
966
377
759
297
644
532
879
743
403
129
274
184
95
154
735
927
613
502
888
192
706
447
475
435
662
946
398
305
281
189
630
108
676
444
849
604
579
164
441
87
209
11
60
657
773
7
139
12
875
751
72
529
774
239
412
16
749
616
391
452
580
375
737
43
117
348
560
101
630
383
651
875
604
206
135
290
736
217
736
335
353
322
674
301
939
239
616
972
38
90
677
77
858
403
297
996
377
787
766
205
509
869
123
378
429
385
977
835
82
384
381
519
294
751
973
627
335
157
607
241
985
263
294
18
18
519
685
102
473
672
153
435
313
366
515
661
451
899
419
221
218
708
667
981
947
558
371
731
948
539
640
244
668
713
635
59
204
645
711
754
812
364
67
256
377
754
449
275
902
318
413
16
864
990
154
857
719
711
618
246
769
64
941
199
169
767
444
553
713
924
453
439
803
437
202
771
118
977
749
101
638
961
31
195
53
324
210
146
946
162
123
748
639
707
236
114
423
433
120
331
311
939
265
830
709
684
375
189
262
811
817
739
212
292
465
375
360
175
635
33
124
543
110
380
405
510
526
716
367
703
417
331
617
36
697
927
794
113
289
893
852
865
716
348
407
295
26
347
906
71
732
797
214
471
690
767
995
416
11
830
791
249
437
126
20
926
573
985
178
181
466
213
933
577
781
345
864
634
147
240
121
677
78
439
335
240
633
868
418
665
163
232
258
727
173
470
530
153
919
52
750
558
80
42
403
757
621
937
454
189
844
894
287
415
449
518
535
667
521
588
689
561
421
25
181
778
201
523
858
629
798
665
717
901
428
222
701
507
44
589
441
57
789
20
156
615
661
83
791
945
59
702
904
544
730
801
674
184
521
781
869
26
241
920
823
779
390
1
811
533
130
556
785
548
6
738
94
131
730
742
542
320
607
627
703
350
770
946
312
18
180
450
433
688
17
168
437
742
270
498
797
137
158
815
143
423
870
42
15
725
175
358
852
418
108
955
807
315
493
865
295
496
652
381
969
719
398
18
86
96
419
474
268
457
681
437
330
891
182
97
374
916
789
819
250
382
628
149
943
608
51
225
56
587
759
292
970
128
927
638
298
288
615
633
608
460
756
216
90
910
22
714
940
360
797
39
191
803
349
618
687
763
868
479
186
705
678
544
246
449
814
451
458
750
216
782
47
410
172
501
864
122
662
339
24
545
460
951
59
955
576
105
392
845
335
342
205
484
473
208
380
587
73
905
180
665
703
905
595
243
692
902
483
381
958
596
250
22
781
518
399
93
501
531
489
287
117
316
794
771
791
692
500
279
457
473
243
363
212
627
803
655
579
51
779
761
885
214
787
713
727
954
985
689
900
991
954
887
78
929
96
93
170
582
351
91
686
115
580
923
926
212
840
710
368
603
441
549
541
865
649
834
305
35
452
431
668
686
540
207
122
966
415
964
32
332
684
425
984
654
593
641
455
331
113
536
28
471
620
481
140
92
95
199
956
794
661
455
359
760
614
941
121
3
984
879
154
342
795
280
311
331
841
493
757
297
342
397
335
127
396
740
251
79
994
993
392
751
638
577
571
692
552
387
682
103
497
14
896
117
829
719
130
249
813
440
913
61
95
85
265
298
545
264
330
956
460
464
597
521
870
901
329
906
43
136
150
659
277
993
273
336
937
408
642
465
691
656
355
520
717
528
530
736
236
436
952
184
988
156
987
440
701
444
776
4
86
380
909
550
105
192
423
553
119
610
783
363
589
766
866
674
327
183
113
450
332
320
510
406
546
518
249
870
476
900
642
151
225
679
543
681
695
899
832
261
151
653
993
582
11
842
424
930
661
640
504
240
394
964
357
204
719
292
344
960
698
254
773
462
317
352
604
980
686
690
341
62
122
697
448
250
459
941
283
336
464
557
621
929
909
633
123
962
98
56
664
889
32
635
907
223
296
393
451
166
878
749
678
732
431
502
827
825
295
333
356
886
791
188
425
366
989
805
328
313
891
752
641
855
836
153
898
826
340
90
414
215
536
316
459
151
23
660
11
248
343
972
443
137
778
855
843
654
514
873
918
993
547
390
907
314
400
906
186
840
9
561
19
128
315
776
115
677
153
363
688
490
121
792
160
132
106
244
845
458
989
517
116
609
361
40
901
515
707
668
101
937
870
991
835
929
104
263
736
241
621
867
978
76
311
947
779
12
462
341
829
162
613
562
337
714
405
680
729
194
134
201
858
500
267
468
397
665
413
595
760
945
539
260
273
25
753
36
691
332
918
729
700
477
978
350
814
731
64
277
301
182
752
176
488
18
928
608
515
945
452
338
748
70
332
231
469
143
749
107
873
282
555
360
634
372
445
371
435
261
569
471
962
496
329
553
448
386
822
860
963
329
893
206
612
999
967
66
661
726
533
959
957
230
995
482
543
302
693
863
671
7
624
430
863
15
794
436
778
909
764
574
255
936
30
197
687
60
492
119
986
631
496
306
391
649
945
943
307
283
170
284
116
618
549
690
590
804
538
449
637
530
810
96
405
446
625
993
591
919
196
340
548
970
959
611
814
187
650
191
541
357
717
537
248
614
977
619
765
23
809
592
307
834
401
440
165
492
133
953
130
718
750
979
419
414
705
18
916
667
440
970
670
818
101
742
668
154
779
649
213
551
623
921
186
580
984
152
793
266
403
421
929
169
834
186
478
356
142
887
39
250
650
392
14
754
18
467
328
343
212
580
30
596
621
404
795
170
319
375
47
519
210
724
36
465
441
643
39
747
910
331
112
40
464
169
469
510
860
495
300
620
770
276
48
319
138
457
6
873
479
84
121
956
562
640
546
597
874
629
916
28
810
372
719
11
75
309
131
454
948
596
240
370
799
434
835
744
671
248
579
371
79
393
13
840
324
624
213
39
981
792
198
967
569
19
796
86
290
189
831
745
761
217
995
616
419
116
694
78
946
625
626
520
815
405
692
228
358
117
675
132
922
844
173
51
75
960
630
519
926
247
675
567
476
791
230
255
828
915
434
626
317
885
378
47
391
664
629
664
922
309
389
630
170
793
400
561
449
404
398
743
341
525
501
826
196
428
729
895
4
328
367
643
832
842
188
89
360
706
498
715
200
1
467
389
740
551
945
568
434
701
397
365
513
893
350
287
185
993
396
943
3
145
541
482
465
226
528
422
49
971
241
277
303
817
373
977
961
94
302
400
238
957
737
98
425
825
69
905
939
262
23
55
423
224
204
215
658
211
222
229
635
195
75
431
807
525
690
64
936
694
776
643
230
490
490
829
606
319
708
726
579
300
217
225
410
324
643
473
243
495
750
102
533
714
416
353
912
878
124
501
385
759
639
207
473
70
10
87
431
49
49
518
152
777
779
618
188
500
884
377
978
685
407
739
7
465
416
474
819
74
729
6
268
761
899
956
959
144
303
807
284
214
149
842
706
422
325
277
523
106
917
838
89
604
379
545
633
446
266
251
583
531
218
708
394
5
67
83
841
447
498
30
398
382
32
50
146
108
823
184
961
165
775
329
423
62
736
35
764
258
592
627
724
111
351
910
346
393
857
35
734
325
75
276
548
649
994
749
71
458
665
659
661
229
921
505
61
314
134
126
63
334
824
107
459
432
79
20
20
662
555
286
646
945
634
632
518
783
299
804
545
775
58
735
24
682
93
887
242
64
887
149
274
168
827
987
163
789
940
856
393
381
114
561
282
83
431
130
476
312
178
638
257
349
100
316
65
276
529
714
902
0
122
70
150
626
737
282
140
925
820
176
984
949
757
150
40
803
769
444
63
132
904
932
893
683
773
409
272
827
207
19
601
490
622
497
290
402
193
569
390
338
496
76
321
365
446
829
482
313
609
883
302
507
485
621
0
729
646
502
285
751
69
858
668
422
292
447
70
258
37
679
306
435
864
597
549
695
411
166
96
109
799
170
458
461
897
434
583
887
407
189
985
297
563
310
518
828
620
344
715
321
379
469
511
376
171
882
587
602
86
520
297
832
3
663
641
690
852
891
116
773
631
699
563
775
411
712
800
725
750
19
919
15
836
354
790
1
555
789
667
581
173
203
965
104
541
362
741
883
101
767
926
987
479
443
291
866
531
191
857
111
641
641
533
900
760
471
318
902
734
507
333
730
344
160
604
534
852
212
958
166
597
327
342
577
536
699
986
315
117
900
657
667
679
857
642
64
703
515
735
583
85
174
906
208
777
751
951
411
194
261
803
661
29
162
314
807
432
155
239
464
95
246
400
58
598
420
648
963
256
439
377
533
568
30
785
543
150
431
133
237
13
196
100
622
354
121
29
621
223
908
490
259
361
198
447
394
719
722
30
653
748
987
741
222
31
258
915
791
113
145
974
734
574
882
217
907
39
307
292
715
551
694
724
170
317
443
549
237
250
330
813
254
476
622
250
35
673
147
319
913
816
628
995
836
261
590
834
898
979
385
377
234
943
656
932
575
402
231
458
897
287
684
563
486
238
673
489
340
584
697
29
395
684
873
107
929
345
465
640
117
109
739
251
768
510
811
258
377
719
599
318
600
277
401
162
365
106
651
272
258
202
475
925
862
572
663
918
380
683
290
707
915
102
312
506
127
21
350
783
616
413
541
434
321
253
737
802
811
354
397
41
283
88
993
664
2
610
807
733
236
556
794
113
708
366
72
967
101
828
106
738
395
596
913
342
716
439
819
450
273
756
6
468
201
922
941
213
800
196
369
782
299
826
809
252
744
813
12
617
396
706
550
363
652
420
754
200
192
339
720
690
565
593
599
847
707
735
572
620
910
163
436
692
512
941
342
291
639
555
380
368
234
713
331
210
922
468
201
634
303
649
615
578
569
113
320
940
480
217
393
710
982
383
120
548
875
7
274
783
73
511
215
829
753
95
969
144
37
598
878
195
120
880
857
787
763
604
104
202
418
102
705
850
334
464
95
136
996
14
660
982
326
34
46
998
840
685
855
572
965
168
200
596
163
434
206
531
229
18
608
714
96
87
527
256
816
982
750
863
3
4
197
531
974
748
497
574
295
435
862
215
739
739
71
11
633
829
525
573
574
650
815
555
610
148
513
153
875
784
272
602
8
975
452
843
497
781
375
714
670
417
429
335
989
910
956
243
248
938
623
214
77
693
734
661
432
684
959
612
790
919
403
919
268
440
938
112
135
229
816
740
965
823
941
279
644
483
575
89
873
521
179
840
548
380
92
968
322
681
802
713
211
475
607
776
557
638
38
145
33
923
981
363
396
964
653
164
769
296
439
975
124
457
282
378
626
444
178
269
720
9
386
616
81
508
141
365
332
323
777
758
629
736
286
760
627
505
230
424
722
391
549
20
834
212
659
301
319
592
71
123
282
661
694
562
712
810
53
965
498
669
355
848
197
204
170
801
538
230
512
802
232
310
465
40
513
136
215
160
699
263
340
947
344
213
887
798
944
444
878
160
941
741
843
318
375
439
866
753
225
811
442
122
92
102
2
12
659
702
957
283
670
400
345
852
994
897
228
653
289
675
713
86
535
419
490
688
869
985
861
573
233
272
140
449
693
550
0
839
982
502
838
310
504
452
469
646
769
64
926
998
787
39
909
416
62
471
647
255
213
658
668
687
856
756
368
694
258
176
324
121
108
479
682
194
537
835
353
833
419
116
293
785
311
808
611
444
60
784
611
626
777
9
55
606
535
760
523
81
77
234
862
387
715
467
720
966
170
469
428
542
146
179
584
742
99
758
682
397
976
368
318
953
64
327
117
378
231
668
184
378
805
253
525
324
325
648
57
667
937
545
383
364
364
894
927
142
456
864
315
192
777
349
575
932
338
636
439
676
582
216
28
130
162
729
250
84
281
559
972
647
903
689
465
355
707
325
324
872
287
144
958
679
345
440
598
108
767
464
860
99
214
796
682
728
236
126
764
211
71
624
154
340
269
795
643
660
253
655
252
292
326
812
314
633
543
777
780
265
47
842
12
175
662
847
408
109
643
483
516
946
167
155
930
722
297
264
213
958
68
422
994
379
143
893
415
759
451
311
385
569
242
772
321
896
981
235
574
984
903
970
281
456
721
47
733
79
853
232
958
785
663
744
307
884
136
75
247
456
597
884
84
198
248
756
465
647
909
406
494
913
832
97
324
606
405
86
475
477
96
570
918
373
998
934
290
639
539
85
351
516
725
222
190
103
561
803
612
276
397
465
885
232
310
809
469
419
803
870
635
292
321
888
463
419
16
120
749
21
182
621
66
195
795
870
654
852
973
889
27
253
613
100
574
590
121
554
27
79
715
960
405
514
122
296
214
474
343
549
60
413
731
649
214
678
215
796
373
790
413
726
462
52
173
118
558
178
809
51
103
770
925
427
83
841
458
411
286
859
354
591
80
583
449
106
643
540
610
551
347
804
103
65
156
536
909
449
480
501
823
222
824
533
666
73
906
352
353
281
581
517
105
732
1
308
896
664
762
590
818
41
215
94
636
91
445
730
637
139
386
141
905
489
343
871
384
208
685
904
431
297
563
320
637
349
958
906
768
266
467
258
896
824
561
941
133
796
619
120
853
125
964
460
633
549
299
448
976
570
474
128
380
749
417
604
668
170
192
548
289
826
445
746
581
813
842
400
384
836
291
124
269
927
311
362
181
530
661
161
787
13
665
40
256
963
119
866
903
507
654
175
819
758
641
574
127
272
154
71
943
443
800
318
814
184
163
597
559
135
885
993
680
745
59
360
947
4
436
761
494
327
865
277
550
447
790
260
704
121
768
403
497
512
576
205
398
426
895
927
142
734
218
464
662
328
864
961
637
672
161
409
346
720
825
421
970
549
885
486
927
96
61
619
797
749
3
753
847
299
292
191
833
965
932
183
495
745
927
186
878
271
805
859
505
124
101
487
936
224
477
859
931
588
353
487
661
288
794
90
735
268
777
774
906
973
789
989
386
259
504
227
55
73
977
550
773
100
973
596
902
63
839
684
766
574
835
856
40
74
381
505
88
989
719
139
464
870
874
650
758
95
261
589
150
621
4
386
396
328
595
19
621
699
803
424
463
454
875
349
950
483
755
981
376
165
53
758
443
808
766
95
485
757
964
551
212
428
7
432
608
839
524
268
214
269
456
471
502
676
946
438
471
162
701
198
57
694
196
719
379
602
295
410
654
940
325
474
890
278
898
215
320
555
195
400
95
106
679
914
579
344
696
371
283
497
722
996
34
750
132
583
640
646
389
686
569
926
697
492
126
155
76
423
427
746
981
86
586
821
607
767
606
913
948
941
434
374
883
376
426
702
324
61
890
762
161
864
750
577
303
591
770
315
501
137
507
573
365
238
534
989
169
209
711
496
863
19
500
650
503
570
803
734
341
106
465
279
51
122
165
950
312
762
965
517
622
668
887
780
1
617
386
457
780
877
702
21
776
254
193
685
695
200
716
686
622
981
925
29
522
27
767
917
228
78
919
954
679
488
343
766
185
526
424
42
185
805
371
304
200
140
290
110
827
588
397
982
320
262
271
347
294
611
418
470
34
922
743
394
936
997
331
285
854
45
527
64
847
720
495
281
519
183
629
991
58
445
62
933
690
605
29
307
113
299
503
721
515
454
311
269
679
524
291
671
352
871
175
579
23
278
760
7
524
967
187
198
37
484
143
204
165
907
329
179
744
210
318
901
702
915
630
51
223
92
647
685
430
938
144
147
761
832
607
892
880
618
237
268
739
39
520
115
281
447
129
276
982
161
912
131
964
87
540
715
902
654
503
671
481
33
810
63
596
893
157
230
426
346
417
313
861
376
522
802
517
745
991
646
409
894
779
115
309
69
177
671
541
784
948
325
768
713
149
593
393
901
512
670
642
135
665
877
890
223
459
289
993
170
537
305
865
547
97
213
456
498
813
133
59
828
980
998
500
620
201
39
967
993
226
211
186
511
284
543
875
467
860
719
702
633
225
540
447
487
793
833
461
328
17
750
328
754
120
396
757
937
142
906
231
232
66
511
48
620
641
561
816
692
934
357
580
54
646
376
43
707
474
574
557
54
491
977
550
225
569
573
26
392
908
969
48
74
15
576
164
78
474
521
40
874
871
819
899
505
919
805
100
198
734
622
616
252
700
936
643
65
741
474
667
26
572
206
379
976
739
767
879
115
814
448
899
454
81
377
641
995
534
323
19
40
380
47
917
275
780
321
855
562
270
395
986
190
36
399
904
249
421
332
641
509
61
334
234
799
650
351
665
452
42
930
759
82
132
970
381
554
396
262
923
396
235
519
156
549
270
765
326
205
157
103
841
811
679
746
677
437
420
252
697
274
363
130
73
563
998
238
568
65
42
389
374
480
467
616
996
541
608
792
678
12
27
336
975
654
732
150
651
360
678
410
409
943
713
626
969
883
130
213
981
561
352
606
993
582
176
340
727
920
452
936
943
71
791
102
253
980
116
584
69
417
623
39
347
18
444
627
942
138
432
445
460
409
253
19
588
468
393
468
752
285
800
692
666
941
961
594
448
512
559
521
635
991
513
476
460
835
437
381
584
889
488
71
22
217
272
2
758
300
990
896
805
477
950
758
182
879
497
660
819
47
621
473
844
555
211
409
342
275
938
568
208
87
98
579
91
442
771
901
128
165
663
871
334
415
101
332
316
299
39
732
188
163
231
383
912
812
637
413
993
297
796
139
150
845
814
113
730
83
173
330
809
848
484
763
892
867
213
351
683
316
980
362
91
283
843
237
152
626
87
650
285
174
155
784
537
505
100
401
644
684
270
642
242
60
45
826
207
74
150
487
156
199
926
989
937
839
50
521
828
789
377
702
33
720
528
693
522
805
405
826
944
101
454
388
587
441
850
901
646
659
839
452
167
918
630
639
542
112
509
156
531
790
772
434
925
761
25
259
280
177
623
589
151
503
645
162
795
559
387
716
218
254
506
389
867
600
901
990
593
157
474
102
342
276
214
438
58
273
288
914
12
979
868
546
424
601
667
58
378
143
360
119
338
35
743
947
737
605
921
307
955
342
267
823
133
824
168
817
632
934
92
826
406
733
234
905
796
420
104
837
802
616
690
77
63
795
508
814
976
150
396
742
899
580
807
214
798
472
242
101
326
810
276
130
709
191
731
994
475
295
444
835
624
866
743
144
625
565
58
110
881
682
941
798
570
630
845
981
492
654
797
704
157
204
514
235
962
727
886
492
76
338
239
356
895
406
337
758
591
225
481
227
931
809
691
100
751
724
735
258
157
730
407
323
548
37
613
750
924
415
370
736
856
741
106
671
916
443
38
16
9
664
466
60
703
67
696
161
403
246
660
990
762
290
330
382
332
236
373
552
916
254
145
414
942
473
27
790
786
649
328
62
497
385
531
707
261
689
219
843
894
53
100
552
530
784
36
584
748
809
34
28
513
709
314
30
407
117
283
527
159
321
669
695
148
133
29
302
460
66
508
594
695
384
439
362
478
660
519
523
677
541
595
529
84
867
733
280
658
497
59
131
643
218
743
605
629
266
681
182
645
287
259
56
223
184
821
266
877
220
378
213
639
62
659
142
20
280
938
444
584
286
530
586
175
796
213
526
313
922
733
955
487
599
384
915
997
316
62
922
792
770
269
951
561
783
191
996
434
428
449
153
409
163
311
683
179
136
887
387
683
781
339
732
379
714
243
749
482
348
970
952
542
5
760
457
12
653
224
883
302
720
2
696
532
656
12
880
406
317
324
700
161
65
410
58
272
968
412
788
13
464
25
949
472
318
634
803
967
706
622
939
551
491
13
177
226
838
376
903
561
275
70
328
507
616
762
518
375
930
683
313
567
625
4
776
486
492
893
181
43
285
849
428
902
238
883
124
938
324
978
753
907
178
348
793
194
513
506
198
919
95
832
27
295
870
745
35
207
543
984
134
263
510
434
189
98
152
226
880
525
274
228
398
733
123
830
429
566
685
356
154
930
584
780
220
222
247
457
60
51
647
108
95
524
46
503
31
444
889
107
447
178
464
365
542
119
365
941
997
838
67
87
412
685
515
733
66
548
189
181
692
996
141
375
616
434
172
786
498
195
729
807
175
570
143
229
856
864
321
783
73
939
443
379
35
490
634
813
862
344
599
787
971
736
56
882
833
168
408
305
638
704
649
820
769
476
174
724
589
96
637
677
657
364
141
904
822
905
917
122
488
91
229
981
745
759
121
173
538
846
123
990
699
274
320
324
821
313
430
586
886
200
123
159
28
322
802
471
774
817
962
214
712
676
376
298
61
346
454
545
106
997
460
759
504
307
574
245
42
905
629
920
928
48
979
214
196
893
73
486
931
835
835
87
189
628
647
641
472
32
641
204
570
253
875
206
775
920
707
961
730
19
270
892
406
839
635
576
447
564
219
422
532
359
296
495
929
114
194
212
267
610
426
575
546
958
137
218
806
795
408
63
603
224
158
271
975
262
917
895
958
463
510
815
859
812
727
101
522
711
482
810
468
200
247
67
2
22
324
515
558
332
293
823
198
103
183
890
794
797
113
801
561
128
68
106
390
642
978
89
217
403
518
67
371
641
706
535
98
840
63
417
566
26
440
496
171
273
472
411
992
947
669
376
135
732
789
493
878
322
592
555
150
45
390
215
242
566
331
818
273
138
519
308
800
94
91
324
602
597
537
404
969
704
963
683
522
94
111
546
43
348
506
43
736
670
962
550
79
630
112
670
393
588
174
708
730
776
645
458
850
276
131
659
861
389
531
233
72
203
324
431
109
239
887
385
121
949
179
504
388
514
435
362
672
967
587
665
565
639
735
570
237
686
853
410
540
810
139
988
98
926
724
150
804
772
759
21
727
195
760
501
407
689
147
310
911
995
327
595
785
203
615
709
361
842
79
647
613
798
949
891
960
301
917
998
823
282
146
447
635
127
506
405
648
348
721
450
102
495
40
746
606
317
240
977
247
400
497
268
961
210
816
334
673
472
361
406
367
594
697
71
45
338
759
609
57
779
628
166
516
236
456
199
444
317
23
623
270
425
876
928
896
461
989
157
607
760
519
640
372
324
291
517
509
132
177
335
385
221
964
522
851
858
311
96
754
562
774
879
160
389
760
187
306
688
714
184
248
661
168
259
46
343
200
858
698
380
192
408
583
243
289
566
921
640
187
486
961
973
228
962
299
404
3
901
743
586
98
455
973
774
163
423
797
83
393
148
173
666
82
253
108
900
92
562
127
270
910
410
993
726
817
998
889
452
7
526
30
109
706
458
742
108
136
428
536
697
997
661
310
679
905
124
152
41
484
990
989
613
688
578
514
484
902
869
552
232
251
350
265
998
572
362
403
78
31
330
448
433
836
115
677
51
29
575
178
537
346
10
682
637
735
464
924
239
538
133
728
774
992
493
742
719
815
853
155
741
873
321
918
722
431
912
122
749
364
293
84
285
180
767
968
717
581
211
126
472
405
104
747
518
332
675
30
600
91
300
320
329
693
425
599
93
461
738
453
222
672
29
804
437
420
619
725
406
66
954
762
687
184
236
288
850
617
448
897
152
913
288
104
945
140
731
118
562
766
659
525
486
953
137
779
168
194
376
954
127
572
503
974
179
178
43
454
255
807
429
382
216
256
79
68
565
332
157
602
936
419
258
83
268
53
264
881
982
324
60
775
713
797
425
107
269
155
644
398
632
636
368
798
887
488
459
892
879
543
760
450
511
115
799
991
632
366
194
790
568
28
145
659
403
748
424
80
532
811
447
160
514
386
779
890
286
978
891
839
676
749
893
263
680
246
530
233
355
595
775
154
710
986
85
736
310
210
36
943
569
235
540
668
384
417
76
672
557
181
286
367
159
76
970
377
19
436
379
913
85
989
687
820
680
268
786
484
722
46
861
854
771
746
227
201
288
631
741
664
635
321
774
978
933
126
545
400
199
398
794
718
341
338
442
213
772
412
367
200
566
432
867
870
787
289
260
160
522
478
316
356
177
247
466
65
481
115
233
443
613
843
599
761
588
517
152
421
845
881
164
604
643
88
550
87
57
807
375
297
183
486
715
739
934
733
922
140
225
265
713
820
980
644
138
738
393
707
761
804
473
300
425
536
696
279
311
105
508
868
756
252
847
957
681
308
611
790
918
370
693
650
803
113
973
600
203
697
269
334
278
226
792
220
454
188
342
580
844
956
629
968
35
17
425
277
253
760
239
279
910
205
590
349
614
643
360
671
802
574
832
205
613
54
195
889
163
335
836
111
678
479
163
68
829
472
6
373
377
599
107
66
106
283
260
291
858
698
628
281
392
192
641
904
671
90
98
251
752
410
611
841
478
483
647
55
200
616
853
718
524
760
758
406
394
829
918
179
79
605
593
783
643
193
128
792
493
940
476
875
101
733
971
745
666
745
104
441
430
498
567
95
534
453
529
715
646
955
493
797
653
126
24
920
677
871
599
76
717
413
258
560
306
672
395
343
572
78
119
507
781
894
692
600
543
620
780
642
182
125
248
705
556
595
785
132
132
875
67
740
49
588
468
267
912
787
467
772
50
501
764
620
663
860
411
873
592
942
894
994
307
154
856
776
828
245
692
324
26
740
887
81
24
515
849
882
677
685
484
943
94
533
438
916
770
340
548
635
479
371
512
972
235
516
701
961
109
116
655
791
125
820
352
706
777
976
705
223
346
399
78
776
527
197
493
388
712
933
104
381
909
291
65
6
936
265
966
221
640
216
309
757
183
657
401
767
510
796
829
34
576
313
824
576
701
254
611
491
312
57
415
152
114
893
10
690
592
346
315
130
723
56
76
910
863
844
72
496
558
231
341
521
309
395
171
118
871
200
725
841
377
14
528
834
463
571
290
776
301
55
749
506
263
886
404
331
581
629
117
134
17
577
312
286
867
269
207
330
591
35
798
287
165
229
364
93
618
219
946
710
677
807
980
781
229
920
534
564
201
380
162
0
119
330
143
89
89
678
963
844
12
726
44
299
379
245
251
137
845
238
970
406
18
140
55
625
187
415
426
543
34
281
700
495
696
25
257
688
494
952
575
677
886
282
239
48
475
728
387
20
6
996
145
399
67
708
967
96
307
594
135
902
611
475
173
794
876
399
799
701
588
537
588
852
262
144
648
627
53
924
919
40
31
364
816
922
320
56
348
954
587
651
670
968
673
619
893
617
155
460
8
743
554
538
722
706
322
790
327
62
233
506
93
877
446
488
814
902
184
544
701
109
325
816
598
229
181
562
580
532
325
416
77
519
560
643
800
653
315
900
123
840
584
194
566
449
613
942
228
427
589
419
706
715
952
523
280
870
311
501
593
348
547
283
526
268
758
427
823
888
785
196
604
73
352
900
937
758
723
343
473
50
606
587
684
771
964
474
796
234
687
223
932
488
579
508
362
318
444
52
431
912
181
364
668
570
538
584
143
347
568
43
454
945
59
766
595
54
689
341
321
594
614
167
774
384
710
581
154
997
434
332
439
543
477
830
928
370
823
629
527
841
4
594
98
522
989
333
806
651
55
70
215
684
682
892
935
85
901
420
725
258
992
436
767
140
555
752
99
369
869
4
146
639
255
355
358
349
114
480
94
194
54
571
704
402
628
775
102
110
335
754
388
516
830
116
744
143
285
563
843
696
789
797
855
221
73
120
978
153
139
823
106
395
814
494
961
36
941
848
908
363
403
742
782
116
109
315
642
1
981
662
384
870
912
216
991
75
114
719
189
126
984
329
667
743
223
757
493
872
20
31
320
757
491
354
36
560
507
259
300
9
945
955
971
107
13
357
762
306
330
953
552
852
18
784
473
573
305
249
521
824
784
59
787
747
117
988
69
50
81
362
807
7
387
312
108
552
851
131
247
793
273
357
578
148
55
930
395
230
684
361
600
500
67
325
324
405
99
317
594
714
176
625
50
379
810
646
322
812
868
643
471
192
560
741
876
221
665
24
177
136
513
455
0
970
452
574
892
276
388
749
275
606
47
400
862
822
86
69
702
351
255
45
561
776
173
111
541
439
326
50
740
494
846
929
553
164
203
900
91
287
0
196
871
712
701
694
250
575
383
197
55
402
884
145
822
592
930
980
158
403
272
271
876
117
269
384
884
9
567
55
928
606
15
538
399
176
292
333
327
959
237
149
750
284
843
103
965
696
709
900
407
872
646
841
552
295
964
924
569
826
474
145
283
17
113
926
362
372
27
795
381
69
16
15
411
549
204
431
807
297
224
855
455
998
879
566
841
698
253
157
511
398
835
856
214
545
574
713
593
70
721
449
571
313
152
385
453
445
183
64
876
306
553
101
726
933
781
71
527
9
214
659
407
365
779
534
646
61
510
291
412
197
248
711
466
179
677
124
548
381
52
987
35
19
842
861
438
686
679
868
729
449
297
277
905
903
880
641
686
982
866
252
930
146
855
653
809
932
991
528
161
156
227
608
324
973
834
633
596
264
349
356
743
92
317
828
979
509
163
458
308
34
648
228
979
4
78
3
449
147
23
700
244
571
340
151
961
319
337
647
931
532
247
521
274
554
386
632
400
214
404
456
664
723
233
282
256
483
597
536
177
944
67
410
540
280
776
495
263
217
758
103
265
353
581
465
666
457
215
745
118
138
59
157
779
401
830
287
409
527
844
917
890
524
252
0
354
941
829
874
193
908
339
243
374
215
239
949
670
43
582
959
718
866
801
503
853
194
941
548
645
473
467
466
659
630
307
15
709
602
548
638
421
174
687
738
363
838
861
317
911
559
398
337
735
445
748
255
957
776
976
638
429
120
795
87
198
551
254
735
422
469
662
492
723
346
170
531
824
567
232
497
420
870
104
912
497
547
774
597
804
667
637
640
248
660
138
268
856
653
487
175
333
984
113
564
516
829
61
71
140
209
422
376
638
310
506
452
358
77
661
761
817
393
694
601
615
982
489
456
931
314
997
393
73
979
831
261
624
345
462
542
952
501
648
124
413
833
13
229
460
562
179
402
989
564
50
72
66
669
361
612
55
757
71
643
763
212
423
417
46
853
774
864
459
105
647
563
464
167
329
19
667
994
79
530
23
331
904
342
696
466
408
888
267
519
599
918
314
909
480
982
655
697
765
924
350
847
65
638
687
351
526
566
940
62
25
735
960
927
58
203
553
811
40
788
320
375
836
482
431
453
44
493
962
998
268
652
104
15
536
877
851
505
509
349
726
845
664
802
552
591
911
183
247
306
879
632
534
485
566
335
305
621
370
142
888
883
481
942
690
55
139
231
132
757
244
889
963
351
862
563
422
411
927
777
943
478
231
699
172
17
709
444
689
420
930
705
760
864
902
427
403
577
937
470
881
84
301
906
680
820
466
969
67
20
170
755
532
320
383
551
138
452
481
51
822
786
644
77
315
462
393
243
29
652
444
248
787
469
846
856
863
117
468
398
926
824
536
387
923
983
302
402
977
581
234
362
969
47
416
44
392
508
884
261
141
281
619
342
250
744
113
234
592
569
148
272
312
81
985
914
591
11
478
357
641
509
616
858
722
996
62
508
777
378
902
859
573
623
406
648
773
285
165
970
131
897
931
440
944
823
382
544
262
949
310
568
489
347
108
219
624
584
918
190
123
529
574
379
181
766
197
645
804
13
434
30
375
52
759
334
183
393
581
293
920
196
414
146
986
591
556
164
780
460
1
1
496
960
326
670
613
494
832
471
896
160
415
351
636
610
489
274
28
447
575
608
111
920
622
253
540
209
105
615
317
430
541
671
368
447
181
84
771
520
903
380
9
500
206
373
323
379
961
163
656
185
725
978
864
377
750
935
197
554
36
762
388
1
987
814
850
382
531
709
586
483
914
213
510
123
198
271
332
560
232
794
115
120
917
323
5
56
295
361
880
449
923
534
168
602
468
400
695
166
832
600
776
184
121
930
176
428
151
959
118
816
804
615
628
307
641
371
382
604
967
51
219
102
944
827
90
595
630
515
295
742
836
854
318
886
460
915
422
360
425
83
858
435
399
354
292
114
983
282
99
133
463
180
647
730
105
40
609
499
35
136
217
903
199
767
211
13
852
831
305
941
444
332
55
938
951
931
610
990
633
24
819
380
159
742
843
92
248
615
975
530
225
822
669
984
641
139
247
149
895
536
521
437
233
826
934
4
846
850
495
622
574
764
694
312
416
383
824
796
812
886
457
368
426
23
269
329
179
274
708
111
943
700
709
264
110
957
46
9
451
502
499
314
389
639
901
58
40
104
781
458
68
534
585
550
381
73
734
666
731
212
663
338
26
652
845
541
532
852
664
954
46
632
45
914
32
593
408
136
289
25
779
543
122
671
679
612
978
125
731
196
978
728
979
734
162
304
82
772
252
144
388
605
198
336
269
47
750
2
206
68
169
386
57
59
141
913
82
712
625
987
561
734
505
103
774
132
45
455
748
469
156
434
305
589
621
598
644
416
623
281
544
765
138
778
496
788
429
611
859
244
641
819
171
872
422
817
192
523
125
795
42
457
430
592
759
759
10
522
818
502
867
48
461
300
563
682
616
596
586
391
938
223
332
900
143
283
747
926
634
595
761
58
805
639
856
458
192
829
277
563
846
400
226
189
254
208
332
930
344
658
44
307
198
666
218
631
469
646
22
150
828
964
65
405
285
695
516
610
225
46
782
834
425
446
580
561
10
185
12
474
249
926
372
992
311
675
33
301
318
489
393
480
685
175
596
116
137
386
161
894
813
979
637
495
122
56
106
60
74
392
157
386
306
665
664
742
510
125
426
243
194
117
835
413
750
699
364
54
889
478
302
895
162
962
99
130
682
191
578
245
582
611
766
626
900
218
385
124
979
509
333
988
312
680
692
413
750
937
360
973
14
358
53
165
272
189
174
907
257
658
373
486
157
93
519
969
518
474
63
748
997
789
834
415
993
573
604
448
974
984
24
743
320
415
893
760
400
620
319
649
638
505
932
885
752
11
385
616
361
863
595
116
565
316
762
987
732
33
578
222
734
328
13
589
94
891
366
240
826
533
743
766
489
629
293
747
38
703
706
583
964
363
171
541
243
906
395
289
666
382
688
710
365
921
661
623
425
265
848
668
853
747
28
552
883
701
562
648
248
736
347
542
808
30
121
839
846
304
463
329
571
411
838
322
227
876
825
541
880
402
547
542
810
931
816
888
836
241
977
436
101
302
852
517
13
230
300
258
214
645
676
931
862
297
530
272
938
768
505
926
900
636
39
396
816
454
889
541
468
546
308
622
646
522
750
651
570
341
699
85
444
529
196
271
899
990
101
977
903
565
990
252
565
690
196
271
480
917
17
169
537
455
690
528
418
747
247
441
648
586
376
345
960
485
630
948
379
220
487
124
788
164
942
573
594
521
491
174
201
8
415
778
982
120
90
440
442
953
304
39
54
734
450
30
905
968
569
148
710
331
688
603
817
924
315
66
115
707
994
619
172
413
50
961
145
6
78
151
838
349
794
413
237
96
177
404
216
594
823
405
635
906
305
572
702
597
971
563
433
295
842
316
73
982
572
734
474
656
749
189
213
766
340
187
821
296
109
699
84
675
879
912
843
145
0
929
178
400
760
943
724
485
772
786
375
490
308
929
594
854
103
817
200
500
245
337
533
271
398
419
30
220
209
444
661
488
807
72
773
708
209
280
803
950
118
749
342
874
106
34
537
0
204
37
686
776
567
958
45
499
28
267
525
396
501
899
290
992
52
137
272
825
597
692
895
977
514
429
960
301
494
888
974
271
180
351
120
745
41
267
134
775
583
988
370
532
123
827
106
720
969
230
19
984
886
492
632
94
959
554
538
795
448
684
450
386
527
768
206
719
851
832
520
432
711
758
853
419
195
365
892
816
781
725
309
880
19
40
517
214
284
51
647
148
696
271
452
914
806
264
903
243
165
877
794
888
660
561
53
777
749
233
537
736
383
504
303
65
388
583
998
488
155
657
877
241
415
310
109
429
175
86
963
947
367
673
957
566
742
581
843
718
337
111
640
713
201
877
344
859
601
27
396
148
299
540
308
953
691
892
885
589
91
684
931
2
57
686
648
738
174
273
46
587
656
191
370
58
26
197
873
207
714
322
903
738
812
140
117
556
133
152
491
594
683
776
839
429
747
962
148
453
394
294
119
887
688
856
606
628
482
319
818
980
767
613
886
347
622
401
432
19
798
417
208
954
69
819
742
718
469
902
145
606
52
572
933
514
563
843
101
54
257
533
130
515
480
860
890
838
721
698
940
237
188
832
491
727
507
773
25
516
935
794
502
101
18
539
457
597
159
472
782
352
639
701
785
538
558
143
794
460
469
984
354
35
257
429
204
49
83
566
255
399
73
45
188
155
838
827
147
423
38
951
450
242
284
120
784
244
919
429
423
164
522
643
641
395
707
360
621
62
719
629
865
640
260
649
346
63
350
339
482
208
742
144
777
597
376
822
919
982
932
40
9
54
672
331
562
767
924
360
116
528
166
132
7
206
622
20
993
897
228
484
270
329
265
194
146
760
700
879
237
34
414
182
119
706
240
672
900
758
275
823
9
214
7
513
856
689
201
159
88
810
743
639
737
393
814
974
814
692
174
562
811
607
931
416
33
313
680
561
696
905
39
259
493
969
428
413
612
914
787
418
696
496
767
681
504
400
813
100
908
127
247
417
737
373
965
654
672
842
513
96
14
439
18
765
400
416
676
976
805
864
854
269
56
198
700
461
614
511
901
916
733
579
736
954
134
628
747
695
292
805
92
179
941
520
691
324
273
491
367
617
144
451
88
607
281
465
614
98
433
116
168
582
232
944
519
190
146
133
188
693
396
795
367
379
126
933
754
274
456
979
181
954
208
516
163
377
427
163
573
215
585
770
149
842
526
588
310
877
942
344
186
454
57
947
356
304
704
228
351
606
775
670
398
641
755
594
430
411
117
699
313
869
487
414
364
631
71
729
955
270
714
107
316
835
523
709
673
297
68
352
378
127
923
670
594
767
641
381
225
429
224
562
866
924
579
458
549
702
266
895
600
363
445
200
674
884
217
306
536
208
937
638
411
534
471
163
482
692
443
734
332
503
955
246
328
212
788
773
121
927
919
388
452
882
840
862
500
232
899
41
992
83
752
656
475
411
161
340
836
47
64
507
751
57
159
329
164
533
602
87
246
834
712
594
87
292
930
262
18
97
42
298
385
243
512
133
808
693
145
241
265
666
898
183
466
402
395
467
668
958
999
593
773
766
730
672
449
97
236
191
204
117
454
701
427
280
706
725
403
902
448
450
978
651
358
167
605
971
792
90
737
296
280
178
999
957
704
631
474
465
837
209
178
517
422
723
430
217
150
785
933
980
270
96
13
539
887
565
816
316
421
176
796
859
472
658
738
757
768
718
538
371
302
964
812
641
803
147
770
584
379
56
516
224
914
618
476
210
946
176
963
805
763
781
171
159
157
242
952
407
466
797
545
992
991
105
426
721
396
302
655
715
722
746
490
746
397
0
69
440
562
192
591
998
170
271
720
980
407
833
351
963
215
276
463
545
287
671
325
572
642
523
661
843
298
992
941
850
70
307
866
44
709
502
690
270
169
256
202
609
87
567
97
904
839
572
164
675
831
398
723
668
621
298
892
240
716
89
103
655
230
378
234
576
459
689
773
886
393
496
905
72
853
669
564
528
337
716
816
73
54
951
590
295
52
819
356
450
143
29
726
171
44
133
372
322
605
265
497
230
649
221
716
359
616
362
346
785
813
516
419
394
645
153
108
166
599
663
590
216
236
965
244
756
89
268
850
75
731
367
36
38
922
513
125
735
545
30
714
980
549
325
574
797
851
524
143
577
263
645
264
19
211
512
304
427
349
560
531
362
212
898
480
166
300
995
451
663
367
218
692
537
231
574
943
411
641
49
773
943
220
197
347
612
3
678
2
16
911
328
183
449
913
386
900
590
278
604
78
417
299
701
984
464
419
240
560
404
311
567
64
34
589
760
408
712
413
935
954
242
344
205
566
334
257
288
583
173
760
819
990
699
117
111
278
960
82
73
519
144
644
150
527
40
291
85
846
546
656
916
384
715
783
366
344
291
157
755
267
132
59
432
539
486
84
544
710
43
827
443
518
271
681
799
122
970
494
4
660
609
45
180
340
625
309
299
13
790
84
635
903
267
359
779
605
490
488
329
864
79
207
957
316
856
557
905
792
952
933
126
684
828
147
216
246
285
641
36
366
343
999
400
659
34
19
741
437
927
946
113
308
325
342
840
40
548
593
92
931
233
824
138
813
404
787
206
510
431
372
690
329
664
654
523
151
8
272
813
881
213
26
81
826
925
63
555
116
195
204
376
146
719
184
272
311
41
348
496
293
79
37
380
127
968
824
99
979
119
757
963
82
571
855
39
651
374
843
182
103
381
295
470
493
360
277
536
505
411
703
126
897
668
45
842
585
742
78
689
191
413
291
8
321
890
586
493
693
753
793
42
89
426
793
245
13
301
934
555
557
690
748
63
379
991
444
821
357
675
703
12
515
59
794
843
404
634
626
339
385
567
898
837
530
922
651
38
424
734
700
192
994
325
170
435
12
192
689
372
701
959
548
716
199
345
361
604
45
699
944
703
840
902
86
514
250
196
613
343
431
275
454
160
640
430
450
834
514
839
413
631
935
290
252
913
172
142
729
44
714
485
996
643
384
199
156
94
833
545
910
818
954
123
789
714
688
459
19
245
55
780
583
511
749
867
944
340
808
748
41
690
21
663
261
607
795
553
316
915
767
769
103
583
362
600
401
654
624
764
174
114
786
55
880
235
894
91
775
964
700
41
313
846
637
107
12
737
64
182
415
88
837
172
703
916
237
144
393
92
841
507
930
284
306
287
855
339
185
403
691
145
193
254
739
433
370
191
776
107
167
348
709
805
425
561
319
795
613
84
277
221
491
815
560
824
665
221
701
672
576
441
425
708
774
275
149
146
19
564
874
484
759
508
325
803
748
178
46
588
736
332
974
472
95
551
664
664
662
953
18
624
314
349
667
100
218
344
15
225
826
841
649
797
482
470
336
129
623
69
469
661
840
687
508
893
539
84
561
499
777
3
45
366
15
545
969
537
679
52
218
222
790
608
934
437
423
626
686
375
696
251
268
472
604
71
614
309
241
518
900
882
938
171
431
679
591
411
834
324
828
880
46
2
511
487
120
652
886
23
958
214
681
708
610
245
387
986
597
623
751
693
816
596
825
216
231
357
554
300
327
228
784
892
426
204
958
72
624
458
623
294
912
93
889
463
919
826
303
361
9
747
919
720
470
49
566
179
374
271
553
373
768
249
117
576
158
85
161
457
350
728
370
960
413
4
463
742
413
993
143
940
969
210
960
681
45
113
201
292
963
302
994
451
268
475
146
236
988
139
985
706
761
333
311
659
37
556
917
39
97
753
219
354
5
779
385
622
750
125
290
603
975
712
654
401
963
227
567
296
762
713
894
389
346
2
79
151
927
596
290
819
470
971
219
357
358
838
844
632
585
276
610
48
562
7
677
821
710
520
132
835
272
924
417
576
848
693
56
14
708
52
758
50
50
509
351
819
836
779
280
535
805
991
79
914
747
3
736
817
229
763
505
286
415
974
680
77
268
529
539
14
107
396
793
203
685
858
503
965
422
307
5
354
458
852
906
147
962
362
101
691
191
291
566
665
262
838
413
434
397
323
809
504
493
181
3
720
408
735
547
139
45
205
395
387
313
141
444
273
48
990
950
788
61
672
644
876
294
572
638
927
588
285
360
188
177
502
524
543
883
486
572
805
968
802
658
432
2
530
563
941
485
175
681
651
94
330
817
479
95
9
517
342
912
86
138
658
808
0
628
121
189
918
344
546
864
969
602
258
572
153
817
150
160
675
368
866
803
922
78
81
960
828
272
734
235
326
302
626
978
858
651
870
735
767
616
836
349
890
868
137
936
844
205
326
834
100
146
215
956
263
172
715
754
485
193
822
442
765
995
387
150
108
993
710
488
698
589
729
142
293
926
845
494
58
478
939
443
369
215
987
648
865
521
229
588
980
935
135
215
628
43
663
733
22
191
65
601
534
677
402
603
987
849
357
901
716
70
886
562
947
374
974
695
401
535
895
607
394
450
937
722
763
717
220
470
257
307
326
553
563
514
919
805
555
774
459
373
433
860
879
175
73
25
704
707
238
300
569
971
350
594
460
154
248
41
251
818
476
542
158
617
466
947
695
156
893
435
597
615
217
480
286
139
603
631
673
81
904
426
227
407
785
751
439
32
93
487
299
800
119
929
193
785
386
271
268
471
978
402
28
891
773
242
827
486
401
488
184
708
856
896
964
51
410
137
580
596
929
975
262
921
243
26
799
608
627
0
292
743
561
73
975
184
499
442
109
119
644
28
438
266
781
749
229
984
785
104
393
109
621
641
154
557
679
299
616
662
190
325
776
836
706
450
400
575
190
56
558
119
819
444
979
227
223
403
126
390
246
300
55
395
959
837
880
187
803
275
251
781
465
726
384
21
790
595
765
863
867
44
20
205
959
830
15
552
190
25
575
860
442
973
549
767
898
363
696
4
304
314
817
818
79
827
595
978
732
942
504
873
180
814
927
738
175
811
26
993
155
999
151
395
332
436
293
329
315
3
978
71
717
839
162
424
45
468
547
28
996
986
319
221
240
527
833
718
587
915
227
325
445
925
552
402
652
135
741
976
788
989
454
325
50
644
870
269
77
241
494
131
895
287
650
314
87
717
177
552
699
431
108
580
621
315
824
394
219
47
87
557
820
2
507
413
927
352
797
745
46
418
509
654
747
773
675
280
922
977
750
824
720
781
355
352
170
202
600
827
160
517
721
784
843
704
338
320
749
419
998
109
288
719
88
606
723
972
537
576
408
812
697
992
241
455
929
486
740
296
936
796
148
487
76
88
682
209
803
205
763
133
803
801
300
848
311
170
228
708
187
378
833
404
50
381
630
307
757
321
675
526
239
38
397
431
551
157
160
843
110
637
458
614
274
588
737
726
145
635
56
173
242
189
486
227
729
266
800
491
273
287
480
36
271
928
205
724
52
776
725
152
587
288
168
815
212
262
720
719
912
464
6
623
126
2
278
896
701
557
973
758
411
0
354
419
910
250
643
805
985
449
290
359
681
309
776
54
920
105
527
645
818
531
422
147
694
601
585
778
128
806
456
692
76
941
425
249
157
198
96
412
959
935
926
207
961
653
471
948
672
955
368
70
656
577
729
199
612
25
176
691
752
438
558
244
444
310
982
784
900
834
259
416
854
323
865
818
347
751
991
481
10
140
915
476
106
756
894
532
974
338
282
898
670
588
441
896
891
562
776
262
843
166
908
753
286
188
571
367
879
140
615
702
447
317
462
93
967
396
965
267
917
165
63
879
634
730
40
31
833
250
487
141
113
539
59
959
374
131
901
174
485
763
703
489
999
93
539
603
161
928
767
354
9
850
607
98
211
509
604
793
885
109
420
556
423
9
345
634
976
775
406
543
677
973
160
324
418
638
65
365
190
193
667
811
394
528
395
699
395
215
460
998
704
740
878
395
373
735
173
978
682
305
799
994
622
762
201
286
960
677
889
491
983
975
113
253
880
896
138
810
992
312
944
455
378
926
557
457
147
285
264
23
821
625
487
495
841
761
818
750
384
892
322
540
516
624
866
127
82
369
941
7
235
368
240
642
35
316
81
64
817
405
649
634
457
198
806
230
438
10
851
230
884
291
604
522
956
975
461
251
281
156
603
82
404
126
309
800
771
742
771
447
343
940
368
41
693
977
788
600
941
958
149
765
458
370
600
428
289
962
746
968
333
25
620
43
970
738
422
841
953
131
874
822
268
917
845
5
835
241
90
451
693
693
176
531
74
415
172
698
617
930
650
990
526
695
648
579
687
997
163
670
382
132
799
854
25
998
745
191
921
991
367
616
696
943
866
536
438
509
810
989
933
94
875
861
420
982
504
128
265
799
661
93
435
952
649
189
630
255
579
253
264
18
899
608
300
610
541
316
757
450
466
403
581
383
208
493
542
424
235
580
465
751
355
984
149
824
224
388
523
401
867
57
144
907
431
689
978
937
528
311
974
366
19
261
793
60
438
558
461
114
513
37
703
102
997
45
607
467
716
299
960
788
978
689
112
498
634
37
786
642
236
25
770
643
509
99
384
566
975
400
178
639
475
285
979
203
884
582
856
394
782
915
84
943
55
143
922
886
572
810
203
781
847
794
561
150
672
670
60
748
234
123
962
140
416
90
948
583
855
194
447
677
469
442
392
35
554
474
828
727
542
922
295
356
859
18
803
90
405
172
875
327
943
967
592
252
864
438
852
177
830
385
437
339
289
609
804
335
11
569
127
935
999
660
12
468
616
234
615
148
67
791
310
431
679
5
811
165
435
528
817
330
274
418
82
500
683
521
520
828
739
150
547
443
791
832
123
400
700
272
695
807
178
621
125
595
257
371
634
327
746
8
92
490
193
463
446
233
250
569
164
602
362
304
88
446
766
693
588
69
546
565
401
569
419
48
735
996
341
803
510
443
573
974
509
280
910
215
257
706
286
824
480
920
46
415
717
694
397
485
415
806
127
378
902
426
933
831
214
217
140
99
463
777
618
506
555
732
822
506
50
806
248
40
795
918
41
467
676
195
852
591
35
345
964
574
566
699
24
249
448
483
405
197
949
80
283
132
72
752
571
464
330
214
287
720
326
677
370
44
939
214
993
683
698
526
658
312
264
196
924
264
446
657
968
327
927
897
359
596
250
417
180
818
569
402
251
584
409
613
137
563
219
39
78
346
306
366
585
890
374
748
562
819
104
780
438
555
631
795
334
858
938
682
913
662
279
561
612
264
732
853
991
502
196
285
594
146
116
289
663
667
6
980
794
306
437
764
734
544
723
367
161
326
800
441
883
621
172
211
843
912
870
862
123
942
589
288
653
100
272
126
430
834
241
771
634
333
47
160
88
790
908
461
183
392
924
158
977
455
463
129
39
360
985
47
38
795
88
410
832
440
733
814
429
417
431
26
28
724
956
465
813
157
394
716
673
897
213
546
396
221
641
115
761
888
891
457
318
574
347
800
402
615
117
464
749
39
664
209
383
983
237
278
692
269
820
796
365
359
460
117
418
573
162
224
727
760
757
12
325
621
63
869
259
751
158
365
557
924
763
735
267
598
386
376
429
422
636
623
621
52
578
862
333
537
682
305
588
456
103
575
963
114
900
583
764
498
945
373
565
56
289
348
409
42
251
406
432
440
488
674
801
694
364
878
277
431
201
229
685
136
336
114
214
292
257
398
972
182
686
591
565
627
74
817
0
465
263
193
958
515
529
152
119
223
669
668
928
409
847
893
60
945
986
775
376
762
40
563
99
813
476
459
126
54
918
166
625
468
512
200
574
135
647
814
25
789
300
145
744
990
323
449
608
9
163
339
752
198
887
582
522
149
997
58
359
887
589
674
98
404
204
764
160
924
2
447
127
226
112
92
28
526
302
840
993
602
636
233
263
639
175
982
848
400
47
412
457
279
663
950
861
71
364
165
605
803
721
89
727
349
850
470
93
665
424
267
272
282
757
55
836
421
784
84
309
989
83
416
922
447
147
554
586
951
208
786
876
290
902
572
291
958
146
879
98
190
601
721
892
755
534
277
479
480
330
231
834
788
377
375
36
669
554
141
567
275
767
188
790
274
911
985
210
997
448
558
747
183
712
218
301
475
558
12
745
120
933
256
814
653
857
465
159
131
436
319
566
954
963
338
633
172
389
440
341
698
628
156
520
91
911
32
340
348
542
548
728
173
680
319
265
120
570
36
425
7
9
793
270
886
298
77
311
767
639
840
395
205
141
728
978
427
316
225
7
493
87
812
607
607
164
67
435
477
613
851
52
915
529
987
296
646
933
652
271
674
543
346
852
646
332
203
992
301
552
117
537
246
910
372
99
686
249
404
733
156
811
772
568
461
755
348
187
330
380
720
506
343
643
910
584
829
129
916
211
658
211
53
551
623
550
206
470
42
999
563
726
877
498
608
275
391
416
653
415
178
271
809
551
821
61
738
856
82
116
380
130
274
693
169
371
392
198
927
295
371
213
496
679
272
202
806
791
48
744
397
380
182
357
622
790
987
811
297
931
109
461
210
253
758
293
856
708
769
701
562
230
738
733
714
782
958
37
687
43
304
171
101
411
782
743
504
848
19
253
377
929
903
219
200
164
316
884
298
507
650
188
773
172
733
365
218
925
229
233
978
40
167
937
77
531
634
189
206
196
996
645
723
739
134
336
547
992
221
770
169
638
683
979
864
400
854
886
335
156
902
143
584
29
477
249
428
925
74
503
585
618
294
817
942
336
923
802
557
944
114
295
466
600
964
210
316
434
891
344
114
449
938
471
280
874
138
285
978
704
958
917
208
442
121
35
826
696
143
34
246
236
930
771
912
350
38
673
249
643
470
523
395
710
280
577
483
215
654
723
648
444
823
783
516
773
518
65
729
420
577
567
965
701
972
13
17
314
663
511
886
170
814
942
41
307
623
405
785
773
593
516
542
345
883
36
820
562
891
948
561
339
992
523
243
409
378
39
85
539
352
453
932
471
746
626
709
998
809
250
417
507
659
816
627
840
108
501
609
538
481
459
186
677
606
908
16
283
115
671
677
537
994
420
658
83
620
567
542
473
197
834
252
761
85
46
824
520
680
354
779
739
56
808
797
587
386
83
859
16
215
934
377
213
531
377
49
548
459
797
245
883
58
459
569
656
469
367
381
137
697
891
97
519
57
545
73
452
980
64
756
154
77
588
792
702
285
951
424
261
815
780
9
773
650
14
521
319
13
908
264
908
541
63
508
542
682
119
256
512
715
683
564
16
935
432
555
300
95
349
816
387
72
20
819
382
212
578
203
30
211
67
4
440
974
872
59
478
269
18
839
239
209
428
547
699
316
468
553
695
248
434
129
176
982
220
682
646
896
281
816
774
161
212
151
805
275
740
511
385
984
466
576
266
453
370
144
914
653
430
3
808
714
423
138
651
361
125
863
893
838
905
736
150
557
753
282
3
404
444
959
791
525
959
11
152
960
471
668
381
904
559
840
951
212
884
796
917
625
447
954
684
158
587
978
302
929
528
460
195
72
344
444
70
27
656
712
386
688
809
70
900
630
135
25
898
142
505
230
852
22
866
498
202
425
583
966
151
636
883
310
468
137
224
646
680
849
294
270
919
46
584
479
816
759
101
846
587
888
629
137
186
865
334
368
96
117
269
998
232
638
200
479
607
742
451
348
316
257
41
533
327
426
582
895
16
516
675
542
881
50
650
460
655
832
306
155
172
3
909
543
553
422
64
104
323
407
514
47
523
114
105
910
418
133
242
493
700
955
343
914
573
140
150
712
73
668
207
780
704
763
582
716
507
150
794
648
256
941
253
342
388
44
894
529
625
989
123
321
149
269
794
553
381
190
530
581
802
718
197
650
588
294
257
267
724
509
216
528
206
830
164
10
311
343
87
845
611
499
602
837
418
947
988
540
491
912
78
162
50
157
940
734
719
474
558
124
455
787
424
24
670
779
327
466
236
67
333
803
200
616
479
670
107
308
853
978
711
235
433
191
495
760
372
719
848
865
693
552
185
105
947
599
607
404
710
999
420
176
784
138
377
811
138
791
665
39
820
532
312
69
125
814
435
833
860
855
194
10
222
295
20
181
121
46
833
378
632
608
662
927
864
843
357
931
850
877
315
126
595
354
494
471
32
812
710
583
46
643
434
668
592
432
71
568
714
180
397
515
302
862
75
406
429
701
212
114
473
715
825
920
544
619
385
786
155
612
702
49
840
149
874
281
372
988
530
650
533
306
274
849
744
41
849
302
374
753
247
407
285
263
44
837
612
63
42
268
614
276
877
33
355
157
282
272
483
90
366
876
356
519
832
626
174
296
418
904
797
831
692
841
615
121
362
660
943
911
448
927
649
580
706
774
206
778
816
513
498
275
162
828
693
940
440
848
855
420
598
794
600
22
942
130
215
298
486
471
184
411
747
682
619
101
510
272
747
845
870
628
44
22
742
620
561
481
553
890
477
380
443
694
120
206
82
505
188
906
893
949
953
370
315
204
469
663
384
895
832
750
227
385
936
916
11
498
712
309
395
183
542
17
91
618
197
753
362
110
224
768
913
375
904
549
153
615
568
657
504
843
54
140
368
304
37
180
184
8
169
81
47
537
211
578
990
416
174
356
725
305
665
813
881
859
126
572
725
714
97
651
822
148
277
687
699
121
636
984
21
828
158
316
588
279
764
720
898
70
901
434
44
435
976
377
981
578
747
14
653
53
131
159
139
675
797
624
790
20
605
829
827
168
405
951
954
185
297
739
585
862
192
961
117
522
205
970
174
76
630
243
27
400
629
258
262
886
950
135
673
633
472
701
753
603
143
17
313
479
329
570
434
903
600
169
674
575
287
211
499
194
609
188
558
203
366
975
311
78
39
499
771
577
812
152
191
541
340
571
762
833
965
326
838
905
717
83
371
818
280
890
773
906
18
729
423
126
543
508
255
612
873
717
972
914
627
445
149
990
700
388
788
439
965
454
500
412
566
447
790
156
590
440
122
485
466
609
492
49
944
625
301
446
764
349
324
925
267
181
644
254
430
573
344
865
137
651
972
568
445
868
213
475
514
468
756
804
993
757
263
837
705
575
273
910
224
442
572
107
205
904
539
5
708
718
308
968
713
412
46
813
152
139
80
649
700
918
891
566
911
197
0
264
386
710
772
626
805
604
851
402
33
565
475
747
748
206
723
746
45
178
131
491
456
611
757
692
916
680
357
74
571
671
286
627
362
789
173
52
794
468
529
972
694
220
635
816
967
678
554
488
300
796
874
706
629
197
78
142
281
48
228
466
223
718
241
367
898
213
468
11
681
386
367
192
254
871
283
148
284
333
3
627
71
755
540
699
679
760
499
982
341
190
191
173
689
664
73
210
843
557
658
623
224
37
820
653
895
851
995
976
357
860
125
345
302
183
167
772
117
261
706
644
686
683
175
531
994
94
991
30
234
270
822
143
688
358
504
629
690
978
356
898
344
738
440
740
521
847
341
830
192
612
781
775
797
743
723
404
665
615
594
681
162
207
816
125
72
308
499
911
63
404
797
116
910
936
164
195
911
692
958
610
889
284
267
241
810
993
155
791
968
92
178
5
602
865
576
720
346
872
46
667
22
457
62
124
151
750
674
469
242
533
760
910
926
541
869
121
676
465
567
223
901
948
199
753
649
148
583
680
980
289
544
353
766
336
904
788
507
731
506
844
936
595
965
900
295
905
450
175
237
833
672
361
738
864
810
196
520
599
396
54
719
360
858
105
777
185
154
34
546
919
426
279
770
509
405
579
958
149
338
915
683
638
957
166
485
543
859
520
783
939
584
256
507
373
779
275
725
21
724
392
411
148
596
486
872
548
454
10
377
844
21
302
631
603
687
734
583
714
816
892
662
991
561
535
792
407
491
431
331
500
535
221
215
575
871
321
490
624
802
859
985
580
684
974
977
854
972
457
815
361
155
928
196
756
522
971
294
567
642
54
275
917
585
713
39
547
500
160
991
824
144
389
486
205
438
324
809
159
703
328
95
27
971
228
83
873
968
477
932
980
809
678
748
513
957
659
0
734
962
827
400
341
793
392
320
128
787
960
798
159
613
401
445
744
824
840
601
159
717
563
131
31
495
448
136
399
968
917
421
64
897
826
789
310
68
100
895
245
468
635
737
670
912
102
786
338
435
261
687
534
896
807
588
127
596
565
405
560
788
710
357
26
105
413
654
740
369
201
890
475
376
387
771
915
959
917
310
654
451
201
861
325
641
151
196
5
9
603
412
156
664
790
671
60
851
524
75
46
408
591
723
299
567
938
929
223
354
704
481
799
217
357
530
36
473
837
358
585
253
660
597
522
317
582
892
933
790
80
252
285
674
694
544
916
794
222
366
633
9
613
962
435
3
105
456
813
150
471
745
882
544
510
55
330
617
500
820
438
810
447
40
920
734
230
242
855
504
857
585
522
917
630
690
714
12
806
285
669
747
727
996
168
259
915
236
197
910
865
527
854
656
211
112
56
933
591
208
363
537
210
977
441
614
642
338
813
601
34
250
799
181
876
720
205
773
82
170
611
156
61
284
22
71
402
28
205
461
466
572
17
966
96
287
351
410
529
544
700
827
279
471
264
614
790
565
310
550
667
314
3
90
537
869
269
191
38
700
518
521
837
196
881
486
549
611
852
235
75
220
366
675
547
956
75
821
869
147
830
286
542
708
374
992
875
560
252
81
581
463
556
390
594
449
42
489
48
701
183
256
896
16
60
825
528
296
342
355
185
817
363
374
330
512
971
454
957
374
579
268
177
703
518
430
687
203
381
831
521
125
993
490
136
546
589
347
125
204
585
311
802
432
301
61
569
773
843
917
261
63
185
672
257
690
245
239
366
298
265
529
648
874
337
496
75
468
714
547
226
281
502
97
456
585
525
364
11
124
518
60
101
114
494
142
397
353
984
268
13
309
391
990
557
525
144
610
593
868
290
352
862
708
890
201
179
370
243
154
390
318
859
411
620
57
492
757
388
668
160
274
78
86
942
87
288
774
749
784
866
642
662
387
123
96
728
888
67
619
614
535
891
761
675
274
793
314
416
453
544
35
533
795
608
443
359
155
170
669
897
443
438
120
966
739
472
100
397
733
585
366
662
771
914
445
413
266
966
422
533
166
552
205
574
447
715
701
409
618
441
682
739
162
382
901
825
888
893
31
156
856
27
217
597
55
307
484
626
82
10
813
593
689
620
283
860
620
111
916
581
436
558
332
300
221
440
88
192
10
283
322
435
226
522
214
952
506
135
876
577
963
469
190
444
581
637
261
142
556
339
648
155
426
194
797
244
285
118
754
506
210
56
525
770
50
799
899
290
172
444
439
403
156
879
531
887
491
241
483
813
502
545
192
202
99
235
603
946
793
54
707
464
519
773
776
410
152
112
320
657
798
964
179
111
525
912
778
50
65
985
413
136
787
169
581
51
663
787
935
119
961
722
26
553
130
746
99
939
365
391
263
893
287
637
152
654
478
72
844
316
345
405
635
88
281
785
583
285
487
632
256
882
622
120
529
590
465
272
405
884
832
91
479
631
471
625
840
856
200
463
681
557
299
22
852
212
938
34
470
817
634
76
760
764
615
922
998
807
806
21
191
646
545
267
991
991
647
71
537
180
954
486
441
975
125
498
121
765
486
620
18
510
96
566
917
701
92
559
490
299
433
490
842
800
505
809
328
652
502
30
197
267
781
139
548
24
881
787
154
875
964
616
970
325
26
533
89
35
750
599
29
650
16
784
91
27
791
204
986
783
420
80
354
396
567
559
161
648
87
519
479
77
956
692
576
174
270
163
58
449
899
674
375
701
925
526
797
182
259
4
429
111
714
708
201
720
210
875
409
120
957
240
279
780
894
281
818
296
607
783
888
101
326
16
328
852
688
19
703
298
845
129
928
853
623
618
281
334
222
653
692
431
869
549
324
335
451
256
953
420
506
241
301
488
660
689
887
991
527
89
904
743
30
795
189
785
547
498
724
671
585
455
914
903
359
189
804
967
914
479
669
601
833
297
671
281
847
821
789
564
828
935
849
828
605
354
186
402
118
252
312
643
669
975
411
341
193
122
192
771
579
720
461
80
915
695
424
561
374
140
42
278
438
509
874
274
907
686
400
296
593
696
950
497
82
511
558
347
533
291
920
556
590
42
258
960
241
163
406
47
505
974
390
859
366
515
435
136
351
40
742
12
691
166
894
657
46
886
236
9
234
88
700
466
100
341
797
298
225
110
281
332
353
483
313
291
779
33
571
183
129
494
702
654
60
678
752
653
27
596
757
974
545
121
203
588
341
648
476
245
749
390
371
952
573
892
258
351
309
663
980
822
745
497
431
117
741
465
20
490
104
129
9
915
944
214
382
883
855
525
272
138
317
612
115
546
366
23
947
839
516
221
476
566
16
258
888
18
773
205
313
515
366
108
544
992
74
871
613
950
732
667
824
177
896
297
536
930
474
302
370
578
585
435
460
871
301
887
234
300
285
564
600
710
980
759
953
924
732
580
856
334
371
298
582
281
150
251
315
329
491
215
416
417
467
785
452
64
272
562
133
396
171
420
737
771
426
602
798
455
184
582
959
682
949
778
424
627
135
660
948
71
249
852
84
460
739
967
859
649
914
289
752
530
953
567
932
731
960
523
141
819
85
491
890
51
488
531
39
486
604
458
355
427
194
131
272
369
135
590
211
4
754
910
229
181
847
315
513
798
151
475
783
805
555
676
968
672
790
582
547
83
235
799
39
310
320
38
146
531
393
780
386
910
632
864
202
622
763
658
159
819
646
10
27
464
643
258
634
114
967
249
108
201
639
514
626
504
858
924
147
888
105
579
385
562
164
655
816
380
775
803
207
50
102
744
915
865
20
499
448
425
674
757
313
881
885
186
858
968
193
973
683
177
93
777
328
21
583
386
183
776
114
405
810
157
789
430
453
339
126
417
90
988
415
859
331
723
903
849
368
534
716
201
898
853
343
848
687
530
593
531
687
153
245
874
541
674
757
114
691
540
26
707
591
364
934
673
994
278
620
214
372
979
827
688
672
933
767
246
589
967
280
321
679
344
23
529
795
777
62
910
643
844
943
816
641
752
592
385
406
963
357
745
205
183
78
882
924
688
203
109
747
852
510
892
249
740
0
674
851
587
142
832
525
420
101
874
742
761
988
9
943
377
129
586
861
433
494
295
239
951
189
324
226
115
154
444
523
990
888
61
876
95
447
658
899
460
349
224
823
870
338
699
413
217
880
865
146
426
714
39
777
41
652
459
511
321
468
10
62
534
96
194
855
934
736
67
451
179
461
658
860
504
635
366
431
666
714
926
757
265
619
58
362
535
985
298
677
448
717
452
698
67
959
258
964
144
82
266
679
818
680
488
485
191
181
825
46
165
432
25
46
927
703
360
626
337
275
609
379
880
476
467
766
310
742
115
659
172
868
601
581
640
403
402
985
866
827
190
578
482
529
939
644
796
472
90
168
70
234
72
696
105
866
352
804
774
635
150
587
107
486
711
358
166
728
608
929
642
730
404
851
104
662
122
145
663
278
918
558
686
806
887
293
554
85
1
154
460
528
660
214
908
713
604
713
476
142
762
845
502
596
547
425
79
645
248
955
960
248
654
634
91
560
166
722
67
879
375
825
927
701
691
658
248
795
352
88
137
597
968
541
71
208
227
59
944
760
435
603
529
54
400
205
51
63
773
887
821
536
499
633
992
128
972
624
367
831
859
961
509
974
546
249
916
127
420
554
563
447
324
737
847
448
630
118
518
276
485
812
936
654
532
593
494
19
216
704
984
994
629
13
977
544
801
553
710
759
166
447
751
608
164
125
37
494
110
655
773
317
596
640
939
147
929
995
299
670
582
842
155
702
766
892
181
580
947
156
532
755
873
239
653
773
26
423
393
265
746
134
351
4
315
868
463
470
516
93
292
607
677
869
113
986
671
286
552
208
722
883
871
608
14
709
669
701
589
870
315
449
505
76
581
617
67
881
851
392
412
648
155
56
95
202
730
886
110
618
779
790
772
910
623
128
123
368
990
545
823
827
148
740
187
273
279
58
26
180
784
224
873
924
288
401
643
681
53
523
684
282
110
78
499
533
787
130
873
695
528
384
375
310
875
916
656
21
52
697
50
624
117
590
683
385
186
416
41
962
467
328
58
172
280
286
213
167
308
46
1
443
524
530
341
151
586
296
144
48
301
830
442
188
115
195
762
534
298
111
297
53
68
509
30
689
49
24
980
886
769
85
305
332
474
920
801
69
78
745
483
889
681
911
721
967
914
981
862
613
400
421
563
153
823
355
162
201
202
131
311
808
627
230
955
354
129
184
51
674
26
437
33
817
105
94
161
178
825
511
263
60
523
675
743
280
108
929
148
579
83
72
934
710
281
313
182
700
802
885
67
924
971
631
58
536
45
458
713
389
801
886
917
124
955
895
653
800
172
143
286
201
523
6
256
488
236
943
585
836
292
276
809
364
636
124
350
790
460
780
9
824
433
988
536
717
545
571
397
970
439
918
167
945
611
557
207
390
172
574
294
960
192
775
685
962
147
726
69
595
102
227
201
754
954
8
968
558
629
583
223
702
204
789
751
356
762
742
858
551
408
905
572
777
118
493
88
502
272
860
976
630
748
663
353
645
771
986
126
337
566
970
364
955
708
764
62
90
881
271
801
460
137
477
747
959
941
470
88
191
884
726
357
384
966
880
49
543
165
203
520
244
277
772
498
347
62
467
956
931
896
786
309
957
262
148
515
681
93
139
742
286
335
69
406
546
43
135
249
849
592
554
728
672
170
885
58
844
483
67
657
470
526
87
100
770
792
781
100
625
727
931
555
236
312
480
841
73
828
307
201
851
379
175
924
53
676
438
389
303
434
275
685
804
979
669
647
515
606
857
94
437
323
902
13
534
680
559
520
896
960
741
834
188
30
819
118
787
787
950
585
932
180
348
928
462
256
724
102
624
297
95
457
270
80
37
518
103
942
987
593
214
568
707
522
158
154
13
917
777
984
405
424
58
697
389
106
241
917
604
66
416
328
831
445
780
527
783
989
678
243
987
814
194
804
407
626
871
303
597
224
432
771
948
129
131
64
742
3
216
241
590
657
868
36
177
379
359
448
516
25
650
902
95
302
509
611
433
955
328
901
188
849
360
443
881
443
717
306
135
236
426
301
889
373
772
933
22
713
366
346
5
676
764
344
391
937
799
725
375
531
417
546
248
127
441
321
743
24
969
318
769
555
110
960
173
764
808
938
869
736
203
589
481
973
884
937
36
271
976
836
451
596
610
945
20
226
291
212
691
743
463
637
459
9
85
571
739
760
7
844
230
33
700
498
336
164
226
920
198
384
687
493
341
837
266
976
53
218
798
253
119
456
591
206
797
711
831
46
346
40
59
618
930
786
730
953
658
177
662
710
891
956
318
203
115
157
98
695
213
167
281
299
42
699
400
146
688
675
636
16
682
267
466
333
872
317
132
89
696
924
647
58
677
267
987
27
311
446
939
496
675
41
333
767
709
992
292
681
347
447
220
978
131
19
621
4
968
704
20
835
161
533
758
197
659
429
87
56
392
503
507
712
392
640
818
329
527
71
249
442
766
938
342
611
702
87
572
520
747
165
704
606
158
812
459
926
253
618
442
864
215
112
874
321
394
60
800
448
296
352
448
238
786
355
731
156
867
15
415
945
744
747
770
379
253
89
30
526
420
378
684
587
867
809
466
171
491
766
614
845
816
236
112
748
22
44
619
876
560
27
669
446
575
794
536
154
641
69
943
380
967
550
644
387
828
274
593
54
339
52
30
263
512
337
355
828
402
644
206
60
343
563
671
904
632
554
290
418
511
510
485
745
943
340
427
677
274
939
456
401
368
48
158
471
271
488
175
672
398
163
964
251
239
279
949
766
620
35
362
219
681
317
66
821
474
558
105
899
542
916
303
980
556
944
7
260
373
434
158
718
563
673
101
322
432
279
311
961
90
381
279
863
430
611
980
447
538
306
254
285
431
838
806
40
959
70
393
215
331
669
542
438
456
846
792
329
35
884
989
752
603
568
72
675
198
494
108
104
350
290
186
555
901
479
757
933
175
48
332
408
280
675
151
321
22
418
486
191
855
396
567
580
30
404
46
242
122
520
753
911
207
45
949
220
841
368
299
186
350
336
343
238
588
74
699
655
908
493
599
781
629
32
748
292
555
761
937
473
497
224
37
397
716
474
862
352
834
714
162
432
476
757
451
289
248
12
480
671
914
472
819
298
19
529
357
841
906
111
288
3
83
821
966
265
797
779
446
744
89
475
496
478
551
198
417
779
483
80
216
10
80
121
569
663
851
301
802
659
892
527
77
254
264
745
902
556
147
759
261
748
580
293
37
309
121
149
734
105
909
550
673
951
759
41
707
891
413
446
915
977
864
911
318
906
657
411
323
254
541
814
299
435
141
254
643
244
345
161
173
998
838
446
812
415
382
665
431
183
383
347
343
740
950
1
996
968
269
915
365
750
299
408
359
974
835
968
57
316
624
154
165
672
279
472
640
193
693
255
606
835
907
763
392
299
127
827
831
168
341
337
982
773
285
837
443
20
351
186
606
661
973
344
485
903
399
548
823
790
677
909
599
630
288
976
716
343
914
95
815
257
968
205
12
530
444
765
53
718
608
411
507
590
648
547
342
956
527
346
143
814
701
554
820
377
527
713
556
271
839
499
908
548
246
263
417
334
263
920
662
307
918
829
96
288
753
947
680
887
686
914
737
512
141
485
108
443
15
150
344
588
815
641
573
608
895
703
275
136
7
862
550
516
826
143
829
114
937
25
715
775
132
356
861
76
453
64
342
917
608
911
792
974
225
952
243
494
100
469
19
65
554
752
660
561
963
433
745
533
927
627
631
724
209
688
123
571
102
714
835
678
858
140
803
516
837
392
854
590
204
418
968
